<< "pre(" << line << "):" << prediction << " , " << linearTerm << " , " << w_0 <<
alpha * (X[line][i] * sum - V[factor][i] * X[line][i] * X[line][i]) , sum , X[line][i] , V[factor][i] 


FM:line_num20
((1, 0, 0, 0, 1, 0, 0, 0, 0)
(1, 0, 0, 0, 0, 1, 0, 0, 0)
(1, 0, 0, 0, 0, 0, 1, 0, 0)
(1, 0, 0, 0, 0, 0, 0, 1, 0)
(1, 0, 0, 0, 0, 0, 0, 0, 1)
(0, 1, 0, 0, 1, 0, 0, 0, 0)
(0, 1, 0, 0, 0, 1, 0, 0, 0)
(0, 1, 0, 0, 0, 0, 1, 0, 0)
(0, 1, 0, 0, 0, 0, 0, 1, 0)
(0, 1, 0, 0, 0, 0, 0, 0, 1)
(0, 0, 1, 0, 1, 0, 0, 0, 0)
(0, 0, 1, 0, 0, 1, 0, 0, 0)
(0, 0, 1, 0, 0, 0, 1, 0, 0)
(0, 0, 1, 0, 0, 0, 0, 1, 0)
(0, 0, 1, 0, 0, 0, 0, 0, 1)
(0, 0, 0, 1, 1, 0, 0, 0, 0)
(0, 0, 0, 1, 0, 1, 0, 0, 0)
(0, 0, 0, 1, 0, 0, 1, 0, 0)
(0, 0, 0, 1, 0, 0, 0, 1, 0)
(0, 0, 0, 1, 0, 0, 0, 0, 1))
(0, 1, 2, 3, 0, 1, 1, 2, 3, 4, 2, 3, 4, 1, 4, 2, 3, 4, 1, 4)
FM: initial setting 0
FM: initial setting end 
((1, 1, 1, 1, 1, 1, 1, 1, 1)
(1, 1, 1, 1, 1, 1, 1, 1, 1)
(1, 1, 1, 1, 1, 1, 1, 1, 1))
FM: step-count : 0
pre(1):4 , 0 , 1
err(1):-3
V(0,0) : 0.001,2,1,1
V(0,1) : 0,2,0,1
V(0,2) : 0,2,0,1
V(0,3) : 0,2,0,1
V(0,4) : 0,2,0,1
V(0,5) : 0.001,2,1,1
V(0,6) : 0,2,0,1
V(0,7) : 0,2,0,1
V(0,8) : 0,2,0,1
V(1,0) : 0.001,2,1,1
V(1,1) : 0,2,0,1
V(1,2) : 0,2,0,1
V(1,3) : 0,2,0,1
V(1,4) : 0,2,0,1
V(1,5) : 0.001,2,1,1
V(1,6) : 0,2,0,1
V(1,7) : 0,2,0,1
V(1,8) : 0,2,0,1
V(2,0) : 0.001,2,1,1
V(2,1) : 0,2,0,1
V(2,2) : 0,2,0,1
V(2,3) : 0,2,0,1
V(2,4) : 0,2,0,1
V(2,5) : 0.001,2,1,1
V(2,6) : 0,2,0,1
V(2,7) : 0,2,0,1
V(2,8) : 0,2,0,1
v:((0.999, 1, 1, 1, 1, 0.999, 1, 1, 1)
(0.999, 1, 1, 1, 1, 0.999, 1, 1, 1)
(0.999, 1, 1, 1, 1, 0.999, 1, 1, 1))
pre(2):3.996 , -0.001 , 1
err(2):-1.996
V(0,0) : 0.001,1.999,1,0.999
V(0,1) : 0,1.999,0,1
V(0,2) : 0,1.999,0,1
V(0,3) : 0,1.999,0,1
V(0,4) : 0,1.999,0,1
V(0,5) : 0,1.999,0,0.999
V(0,6) : 0.000999,1.999,1,1
V(0,7) : 0,1.999,0,1
V(0,8) : 0,1.999,0,1
V(1,0) : 0.001,1.999,1,0.999
V(1,1) : 0,1.999,0,1
V(1,2) : 0,1.999,0,1
V(1,3) : 0,1.999,0,1
V(1,4) : 0,1.999,0,1
V(1,5) : 0,1.999,0,0.999
V(1,6) : 0.000999,1.999,1,1
V(1,7) : 0,1.999,0,1
V(1,8) : 0,1.999,0,1
V(2,0) : 0.001,1.999,1,0.999
V(2,1) : 0,1.999,0,1
V(2,2) : 0,1.999,0,1
V(2,3) : 0,1.999,0,1
V(2,4) : 0,1.999,0,1
V(2,5) : 0,1.999,0,0.999
V(2,6) : 0.000999,1.999,1,1
V(2,7) : 0,1.999,0,1
V(2,8) : 0,1.999,0,1
v:((0.998, 1, 1, 1, 1, 0.999, 0.999001, 1, 1)
(0.998, 1, 1, 1, 1, 0.999, 0.999001, 1, 1)
(0.998, 1, 1, 1, 1, 0.999, 0.999001, 1, 1))
pre(3):3.992 , -0.002 , 1
err(3):-0.992
V(0,0) : 0.001,1.998,1,0.998
V(0,1) : 0,1.998,0,1
V(0,2) : 0,1.998,0,1
V(0,3) : 0,1.998,0,1
V(0,4) : 0,1.998,0,1
V(0,5) : 0,1.998,0,0.999
V(0,6) : 0,1.998,0,0.999001
V(0,7) : 0.000998,1.998,1,1
V(0,8) : 0,1.998,0,1
V(1,0) : 0.001,1.998,1,0.998
V(1,1) : 0,1.998,0,1
V(1,2) : 0,1.998,0,1
V(1,3) : 0,1.998,0,1
V(1,4) : 0,1.998,0,1
V(1,5) : 0,1.998,0,0.999
V(1,6) : 0,1.998,0,0.999001
V(1,7) : 0.000998,1.998,1,1
V(1,8) : 0,1.998,0,1
V(2,0) : 0.001,1.998,1,0.998
V(2,1) : 0,1.998,0,1
V(2,2) : 0,1.998,0,1
V(2,3) : 0,1.998,0,1
V(2,4) : 0,1.998,0,1
V(2,5) : 0,1.998,0,0.999
V(2,6) : 0,1.998,0,0.999001
V(2,7) : 0.000998,1.998,1,1
V(2,8) : 0,1.998,0,1
v:((0.997, 1, 1, 1, 1, 0.999, 0.999001, 0.999002, 1)
(0.997, 1, 1, 1, 1, 0.999, 0.999001, 0.999002, 1)
(0.997, 1, 1, 1, 1, 0.999, 0.999001, 0.999002, 1))
pre(5):4 , 0 , 1
err(5):-3
V(0,0) : 0,2,0,0.997
V(0,1) : 0.001,2,1,1
V(0,2) : 0,2,0,1
V(0,3) : 0,2,0,1
V(0,4) : 0.001,2,1,1
V(0,5) : 0,2,0,0.999
V(0,6) : 0,2,0,0.999001
V(0,7) : 0,2,0,0.999002
V(0,8) : 0,2,0,1
V(1,0) : 0,2,0,0.997
V(1,1) : 0.001,2,1,1
V(1,2) : 0,2,0,1
V(1,3) : 0,2,0,1
V(1,4) : 0.001,2,1,1
V(1,5) : 0,2,0,0.999
V(1,6) : 0,2,0,0.999001
V(1,7) : 0,2,0,0.999002
V(1,8) : 0,2,0,1
V(2,0) : 0,2,0,0.997
V(2,1) : 0.001,2,1,1
V(2,2) : 0,2,0,1
V(2,3) : 0,2,0,1
V(2,4) : 0.001,2,1,1
V(2,5) : 0,2,0,0.999
V(2,6) : 0,2,0,0.999001
V(2,7) : 0,2,0,0.999002
V(2,8) : 0,2,0,1
v:((0.997, 0.999, 1, 1, 0.999, 0.999, 0.999001, 0.999002, 1)
(0.997, 0.999, 1, 1, 0.999, 0.999, 0.999001, 0.999002, 1)
(0.997, 0.999, 1, 1, 0.999, 0.999, 0.999001, 0.999002, 1))
pre(6):3.992 , -0.002 , 1
err(6):-2.992
V(0,0) : 0,1.998,0,0.997
V(0,1) : 0.000999,1.998,1,0.999
V(0,2) : 0,1.998,0,1
V(0,3) : 0,1.998,0,1
V(0,4) : 0,1.998,0,0.999
V(0,5) : 0.000999,1.998,1,0.999
V(0,6) : 0,1.998,0,0.999001
V(0,7) : 0,1.998,0,0.999002
V(0,8) : 0,1.998,0,1
V(1,0) : 0,1.998,0,0.997
V(1,1) : 0.000999,1.998,1,0.999
V(1,2) : 0,1.998,0,1
V(1,3) : 0,1.998,0,1
V(1,4) : 0,1.998,0,0.999
V(1,5) : 0.000999,1.998,1,0.999
V(1,6) : 0,1.998,0,0.999001
V(1,7) : 0,1.998,0,0.999002
V(1,8) : 0,1.998,0,1
V(2,0) : 0,1.998,0,0.997
V(2,1) : 0.000999,1.998,1,0.999
V(2,2) : 0,1.998,0,1
V(2,3) : 0,1.998,0,1
V(2,4) : 0,1.998,0,0.999
V(2,5) : 0.000999,1.998,1,0.999
V(2,6) : 0,1.998,0,0.999001
V(2,7) : 0,1.998,0,0.999002
V(2,8) : 0,1.998,0,1
v:((0.997, 0.998001, 1, 1, 0.999, 0.998001, 0.999001, 0.999002, 1)
(0.997, 0.998001, 1, 1, 0.999, 0.998001, 0.999001, 0.999002, 1)
(0.997, 0.998001, 1, 1, 0.999, 0.998001, 0.999001, 0.999002, 1))
pre(7):3.98801 , -0.003 , 1
err(7):-1.98801
V(0,0) : 0,1.997,0,0.997
V(0,1) : 0.000999001,1.997,1,0.998001
V(0,2) : 0,1.997,0,1
V(0,3) : 0,1.997,0,1
V(0,4) : 0,1.997,0,0.999
V(0,5) : 0,1.997,0,0.998001
V(0,6) : 0.000998001,1.997,1,0.999001
V(0,7) : 0,1.997,0,0.999002
V(0,8) : 0,1.997,0,1
V(1,0) : 0,1.997,0,0.997
V(1,1) : 0.000999001,1.997,1,0.998001
V(1,2) : 0,1.997,0,1
V(1,3) : 0,1.997,0,1
V(1,4) : 0,1.997,0,0.999
V(1,5) : 0,1.997,0,0.998001
V(1,6) : 0.000998001,1.997,1,0.999001
V(1,7) : 0,1.997,0,0.999002
V(1,8) : 0,1.997,0,1
V(2,0) : 0,1.997,0,0.997
V(2,1) : 0.000999001,1.997,1,0.998001
V(2,2) : 0,1.997,0,1
V(2,3) : 0,1.997,0,1
V(2,4) : 0,1.997,0,0.999
V(2,5) : 0,1.997,0,0.998001
V(2,6) : 0.000998001,1.997,1,0.999001
V(2,7) : 0,1.997,0,0.999002
V(2,8) : 0,1.997,0,1
v:((0.997, 0.997002, 1, 1, 0.999, 0.998001, 0.998003, 0.999002, 1)
(0.997, 0.997002, 1, 1, 0.999, 0.998001, 0.998003, 0.999002, 1)
(0.997, 0.997002, 1, 1, 0.999, 0.998001, 0.998003, 0.999002, 1))
pre(8):3.98402 , -0.004 , 1
err(8):-0.984021
V(0,0) : 0,1.996,0,0.997
V(0,1) : 0.000999002,1.996,1,0.997002
V(0,2) : 0,1.996,0,1
V(0,3) : 0,1.996,0,1
V(0,4) : 0,1.996,0,0.999
V(0,5) : 0,1.996,0,0.998001
V(0,6) : 0,1.996,0,0.998003
V(0,7) : 0.000997002,1.996,1,0.999002
V(0,8) : 0,1.996,0,1
V(1,0) : 0,1.996,0,0.997
V(1,1) : 0.000999002,1.996,1,0.997002
V(1,2) : 0,1.996,0,1
V(1,3) : 0,1.996,0,1
V(1,4) : 0,1.996,0,0.999
V(1,5) : 0,1.996,0,0.998001
V(1,6) : 0,1.996,0,0.998003
V(1,7) : 0.000997002,1.996,1,0.999002
V(1,8) : 0,1.996,0,1
V(2,0) : 0,1.996,0,0.997
V(2,1) : 0.000999002,1.996,1,0.997002
V(2,2) : 0,1.996,0,1
V(2,3) : 0,1.996,0,1
V(2,4) : 0,1.996,0,0.999
V(2,5) : 0,1.996,0,0.998001
V(2,6) : 0,1.996,0,0.998003
V(2,7) : 0.000997002,1.996,1,0.999002
V(2,8) : 0,1.996,0,1
v:((0.997, 0.996003, 1, 1, 0.999, 0.998001, 0.998003, 0.998005, 1)
(0.997, 0.996003, 1, 1, 0.999, 0.998001, 0.998003, 0.998005, 1)
(0.997, 0.996003, 1, 1, 0.999, 0.998001, 0.998003, 0.998005, 1))
pre(9):3.98401 , -0.004 , 1
err(9):0.015991
V(0,0) : 0,1.996,0,0.997
V(0,1) : 0.001,1.996,1,0.996003
V(0,2) : 0,1.996,0,1
V(0,3) : 0,1.996,0,1
V(0,4) : 0,1.996,0,0.999
V(0,5) : 0,1.996,0,0.998001
V(0,6) : 0,1.996,0,0.998003
V(0,7) : 0,1.996,0,0.998005
V(0,8) : 0.000996003,1.996,1,1
V(1,0) : 0,1.996,0,0.997
V(1,1) : 0.001,1.996,1,0.996003
V(1,2) : 0,1.996,0,1
V(1,3) : 0,1.996,0,1
V(1,4) : 0,1.996,0,0.999
V(1,5) : 0,1.996,0,0.998001
V(1,6) : 0,1.996,0,0.998003
V(1,7) : 0,1.996,0,0.998005
V(1,8) : 0.000996003,1.996,1,1
V(2,0) : 0,1.996,0,0.997
V(2,1) : 0.001,1.996,1,0.996003
V(2,2) : 0,1.996,0,1
V(2,3) : 0,1.996,0,1
V(2,4) : 0,1.996,0,0.999
V(2,5) : 0,1.996,0,0.998001
V(2,6) : 0,1.996,0,0.998003
V(2,7) : 0,1.996,0,0.998005
V(2,8) : 0.000996003,1.996,1,1
v:((0.997, 0.995003, 1, 1, 0.999, 0.998001, 0.998003, 0.998005, 0.999004)
(0.997, 0.995003, 1, 1, 0.999, 0.998001, 0.998003, 0.998005, 0.999004)
(0.997, 0.995003, 1, 1, 0.999, 0.998001, 0.998003, 0.998005, 0.999004))
pre(10):3.996 , -0.001 , 1
err(10):-1.996
V(0,0) : 0,1.999,0,0.997
V(0,1) : 0,1.999,0,0.995003
V(0,2) : 0.000999,1.999,1,1
V(0,3) : 0,1.999,0,1
V(0,4) : 0.001,1.999,1,0.999
V(0,5) : 0,1.999,0,0.998001
V(0,6) : 0,1.999,0,0.998003
V(0,7) : 0,1.999,0,0.998005
V(0,8) : 0,1.999,0,0.999004
V(1,0) : 0,1.999,0,0.997
V(1,1) : 0,1.999,0,0.995003
V(1,2) : 0.000999,1.999,1,1
V(1,3) : 0,1.999,0,1
V(1,4) : 0.001,1.999,1,0.999
V(1,5) : 0,1.999,0,0.998001
V(1,6) : 0,1.999,0,0.998003
V(1,7) : 0,1.999,0,0.998005
V(1,8) : 0,1.999,0,0.999004
V(2,0) : 0,1.999,0,0.997
V(2,1) : 0,1.999,0,0.995003
V(2,2) : 0.000999,1.999,1,1
V(2,3) : 0,1.999,0,1
V(2,4) : 0.001,1.999,1,0.999
V(2,5) : 0,1.999,0,0.998001
V(2,6) : 0,1.999,0,0.998003
V(2,7) : 0,1.999,0,0.998005
V(2,8) : 0,1.999,0,0.999004
v:((0.997, 0.995003, 0.999001, 1, 0.998, 0.998001, 0.998003, 0.998005, 0.999004)
(0.997, 0.995003, 0.999001, 1, 0.998, 0.998001, 0.998003, 0.998005, 0.999004)
(0.997, 0.995003, 0.999001, 1, 0.998, 0.998001, 0.998003, 0.998005, 0.999004))
pre(11):3.98801 , -0.003 , 1
err(11):-0.988012
V(0,0) : 0,1.997,0,0.997
V(0,1) : 0,1.997,0,0.995003
V(0,2) : 0.000998001,1.997,1,0.999001
V(0,3) : 0,1.997,0,1
V(0,4) : 0,1.997,0,0.998
V(0,5) : 0.000999001,1.997,1,0.998001
V(0,6) : 0,1.997,0,0.998003
V(0,7) : 0,1.997,0,0.998005
V(0,8) : 0,1.997,0,0.999004
V(1,0) : 0,1.997,0,0.997
V(1,1) : 0,1.997,0,0.995003
V(1,2) : 0.000998001,1.997,1,0.999001
V(1,3) : 0,1.997,0,1
V(1,4) : 0,1.997,0,0.998
V(1,5) : 0.000999001,1.997,1,0.998001
V(1,6) : 0,1.997,0,0.998003
V(1,7) : 0,1.997,0,0.998005
V(1,8) : 0,1.997,0,0.999004
V(2,0) : 0,1.997,0,0.997
V(2,1) : 0,1.997,0,0.995003
V(2,2) : 0.000998001,1.997,1,0.999001
V(2,3) : 0,1.997,0,1
V(2,4) : 0,1.997,0,0.998
V(2,5) : 0.000999001,1.997,1,0.998001
V(2,6) : 0,1.997,0,0.998003
V(2,7) : 0,1.997,0,0.998005
V(2,8) : 0,1.997,0,0.999004
v:((0.997, 0.995003, 0.998003, 1, 0.998, 0.997002, 0.998003, 0.998005, 0.999004)
(0.997, 0.995003, 0.998003, 1, 0.998, 0.997002, 0.998003, 0.998005, 0.999004)
(0.997, 0.995003, 0.998003, 1, 0.998, 0.997002, 0.998003, 0.998005, 0.999004))
pre(12):3.98403 , -0.004 , 1
err(12):0.01597
V(0,0) : 0,1.99601,0,0.997
V(0,1) : 0,1.99601,0,0.995003
V(0,2) : 0.000998003,1.99601,1,0.998003
V(0,3) : 0,1.99601,0,1
V(0,4) : 0,1.99601,0,0.998
V(0,5) : 0,1.99601,0,0.997002
V(0,6) : 0.000998003,1.99601,1,0.998003
V(0,7) : 0,1.99601,0,0.998005
V(0,8) : 0,1.99601,0,0.999004
V(1,0) : 0,1.99601,0,0.997
V(1,1) : 0,1.99601,0,0.995003
V(1,2) : 0.000998003,1.99601,1,0.998003
V(1,3) : 0,1.99601,0,1
V(1,4) : 0,1.99601,0,0.998
V(1,5) : 0,1.99601,0,0.997002
V(1,6) : 0.000998003,1.99601,1,0.998003
V(1,7) : 0,1.99601,0,0.998005
V(1,8) : 0,1.99601,0,0.999004
V(2,0) : 0,1.99601,0,0.997
V(2,1) : 0,1.99601,0,0.995003
V(2,2) : 0.000998003,1.99601,1,0.998003
V(2,3) : 0,1.99601,0,1
V(2,4) : 0,1.99601,0,0.998
V(2,5) : 0,1.99601,0,0.997002
V(2,6) : 0.000998003,1.99601,1,0.998003
V(2,7) : 0,1.99601,0,0.998005
V(2,8) : 0,1.99601,0,0.999004
v:((0.997, 0.995003, 0.997005, 1, 0.998, 0.997002, 0.997005, 0.998005, 0.999004)
(0.997, 0.995003, 0.997005, 1, 0.998, 0.997002, 0.997005, 0.998005, 0.999004)
(0.997, 0.995003, 0.997005, 1, 0.998, 0.997002, 0.997005, 0.998005, 0.999004))
pre(13):3.98005 , -0.005 , 1
err(13):-2.98005
V(0,0) : 0,1.99501,0,0.997
V(0,1) : 0,1.99501,0,0.995003
V(0,2) : 0.000998005,1.99501,1,0.997005
V(0,3) : 0,1.99501,0,1
V(0,4) : 0,1.99501,0,0.998
V(0,5) : 0,1.99501,0,0.997002
V(0,6) : 0,1.99501,0,0.997005
V(0,7) : 0.000997005,1.99501,1,0.998005
V(0,8) : 0,1.99501,0,0.999004
V(1,0) : 0,1.99501,0,0.997
V(1,1) : 0,1.99501,0,0.995003
V(1,2) : 0.000998005,1.99501,1,0.997005
V(1,3) : 0,1.99501,0,1
V(1,4) : 0,1.99501,0,0.998
V(1,5) : 0,1.99501,0,0.997002
V(1,6) : 0,1.99501,0,0.997005
V(1,7) : 0.000997005,1.99501,1,0.998005
V(1,8) : 0,1.99501,0,0.999004
V(2,0) : 0,1.99501,0,0.997
V(2,1) : 0,1.99501,0,0.995003
V(2,2) : 0.000998005,1.99501,1,0.997005
V(2,3) : 0,1.99501,0,1
V(2,4) : 0,1.99501,0,0.998
V(2,5) : 0,1.99501,0,0.997002
V(2,6) : 0,1.99501,0,0.997005
V(2,7) : 0.000997005,1.99501,1,0.998005
V(2,8) : 0,1.99501,0,0.999004
v:((0.997, 0.995003, 0.996007, 1, 0.998, 0.997002, 0.997005, 0.997008, 0.999004)
(0.997, 0.995003, 0.996007, 1, 0.998, 0.997002, 0.997005, 0.997008, 0.999004)
(0.997, 0.995003, 0.996007, 1, 0.998, 0.997002, 0.997005, 0.997008, 0.999004))
pre(14):3.98004 , -0.005 , 1
err(14):0.0199551
V(0,0) : 0,1.99501,0,0.997
V(0,1) : 0,1.99501,0,0.995003
V(0,2) : 0.000999004,1.99501,1,0.996007
V(0,3) : 0,1.99501,0,1
V(0,4) : 0,1.99501,0,0.998
V(0,5) : 0,1.99501,0,0.997002
V(0,6) : 0,1.99501,0,0.997005
V(0,7) : 0,1.99501,0,0.997008
V(0,8) : 0.000996007,1.99501,1,0.999004
V(1,0) : 0,1.99501,0,0.997
V(1,1) : 0,1.99501,0,0.995003
V(1,2) : 0.000999004,1.99501,1,0.996007
V(1,3) : 0,1.99501,0,1
V(1,4) : 0,1.99501,0,0.998
V(1,5) : 0,1.99501,0,0.997002
V(1,6) : 0,1.99501,0,0.997005
V(1,7) : 0,1.99501,0,0.997008
V(1,8) : 0.000996007,1.99501,1,0.999004
V(2,0) : 0,1.99501,0,0.997
V(2,1) : 0,1.99501,0,0.995003
V(2,2) : 0.000999004,1.99501,1,0.996007
V(2,3) : 0,1.99501,0,1
V(2,4) : 0,1.99501,0,0.998
V(2,5) : 0,1.99501,0,0.997002
V(2,6) : 0,1.99501,0,0.997005
V(2,7) : 0,1.99501,0,0.997008
V(2,8) : 0.000996007,1.99501,1,0.999004
v:((0.997, 0.995003, 0.995008, 1, 0.998, 0.997002, 0.997005, 0.997008, 0.998008)
(0.997, 0.995003, 0.995008, 1, 0.998, 0.997002, 0.997005, 0.997008, 0.998008)
(0.997, 0.995003, 0.995008, 1, 0.998, 0.997002, 0.997005, 0.997008, 0.998008))
pre(15):3.992 , -0.002 , 1
err(15):-1.992
V(0,0) : 0,1.998,0,0.997
V(0,1) : 0,1.998,0,0.995003
V(0,2) : 0,1.998,0,0.995008
V(0,3) : 0.000998,1.998,1,1
V(0,4) : 0.001,1.998,1,0.998
V(0,5) : 0,1.998,0,0.997002
V(0,6) : 0,1.998,0,0.997005
V(0,7) : 0,1.998,0,0.997008
V(0,8) : 0,1.998,0,0.998008
V(1,0) : 0,1.998,0,0.997
V(1,1) : 0,1.998,0,0.995003
V(1,2) : 0,1.998,0,0.995008
V(1,3) : 0.000998,1.998,1,1
V(1,4) : 0.001,1.998,1,0.998
V(1,5) : 0,1.998,0,0.997002
V(1,6) : 0,1.998,0,0.997005
V(1,7) : 0,1.998,0,0.997008
V(1,8) : 0,1.998,0,0.998008
V(2,0) : 0,1.998,0,0.997
V(2,1) : 0,1.998,0,0.995003
V(2,2) : 0,1.998,0,0.995008
V(2,3) : 0.000998,1.998,1,1
V(2,4) : 0.001,1.998,1,0.998
V(2,5) : 0,1.998,0,0.997002
V(2,6) : 0,1.998,0,0.997005
V(2,7) : 0,1.998,0,0.997008
V(2,8) : 0,1.998,0,0.998008
v:((0.997, 0.995003, 0.995008, 0.999002, 0.997, 0.997002, 0.997005, 0.997008, 0.998008)
(0.997, 0.995003, 0.995008, 0.999002, 0.997, 0.997002, 0.997005, 0.997008, 0.998008)
(0.997, 0.995003, 0.995008, 0.999002, 0.997, 0.997002, 0.997005, 0.997008, 0.998008))
pre(16):3.98402 , -0.004 , 1
err(16):-0.984021
V(0,0) : 0,1.996,0,0.997
V(0,1) : 0,1.996,0,0.995003
V(0,2) : 0,1.996,0,0.995008
V(0,3) : 0.000997002,1.996,1,0.999002
V(0,4) : 0,1.996,0,0.997
V(0,5) : 0.000999002,1.996,1,0.997002
V(0,6) : 0,1.996,0,0.997005
V(0,7) : 0,1.996,0,0.997008
V(0,8) : 0,1.996,0,0.998008
V(1,0) : 0,1.996,0,0.997
V(1,1) : 0,1.996,0,0.995003
V(1,2) : 0,1.996,0,0.995008
V(1,3) : 0.000997002,1.996,1,0.999002
V(1,4) : 0,1.996,0,0.997
V(1,5) : 0.000999002,1.996,1,0.997002
V(1,6) : 0,1.996,0,0.997005
V(1,7) : 0,1.996,0,0.997008
V(1,8) : 0,1.996,0,0.998008
V(2,0) : 0,1.996,0,0.997
V(2,1) : 0,1.996,0,0.995003
V(2,2) : 0,1.996,0,0.995008
V(2,3) : 0.000997002,1.996,1,0.999002
V(2,4) : 0,1.996,0,0.997
V(2,5) : 0.000999002,1.996,1,0.997002
V(2,6) : 0,1.996,0,0.997005
V(2,7) : 0,1.996,0,0.997008
V(2,8) : 0,1.996,0,0.998008
v:((0.997, 0.995003, 0.995008, 0.998005, 0.997, 0.996003, 0.997005, 0.997008, 0.998008)
(0.997, 0.995003, 0.995008, 0.998005, 0.997, 0.996003, 0.997005, 0.997008, 0.998008)
(0.997, 0.995003, 0.995008, 0.998005, 0.997, 0.996003, 0.997005, 0.997008, 0.998008))
pre(17):3.98005 , -0.005 , 1
err(17):0.0199521
V(0,0) : 0,1.99501,0,0.997
V(0,1) : 0,1.99501,0,0.995003
V(0,2) : 0,1.99501,0,0.995008
V(0,3) : 0.000997005,1.99501,1,0.998005
V(0,4) : 0,1.99501,0,0.997
V(0,5) : 0,1.99501,0,0.996003
V(0,6) : 0.000998005,1.99501,1,0.997005
V(0,7) : 0,1.99501,0,0.997008
V(0,8) : 0,1.99501,0,0.998008
V(1,0) : 0,1.99501,0,0.997
V(1,1) : 0,1.99501,0,0.995003
V(1,2) : 0,1.99501,0,0.995008
V(1,3) : 0.000997005,1.99501,1,0.998005
V(1,4) : 0,1.99501,0,0.997
V(1,5) : 0,1.99501,0,0.996003
V(1,6) : 0.000998005,1.99501,1,0.997005
V(1,7) : 0,1.99501,0,0.997008
V(1,8) : 0,1.99501,0,0.998008
V(2,0) : 0,1.99501,0,0.997
V(2,1) : 0,1.99501,0,0.995003
V(2,2) : 0,1.99501,0,0.995008
V(2,3) : 0.000997005,1.99501,1,0.998005
V(2,4) : 0,1.99501,0,0.997
V(2,5) : 0,1.99501,0,0.996003
V(2,6) : 0.000998005,1.99501,1,0.997005
V(2,7) : 0,1.99501,0,0.997008
V(2,8) : 0,1.99501,0,0.998008
v:((0.997, 0.995003, 0.995008, 0.997008, 0.997, 0.996003, 0.996007, 0.997008, 0.998008)
(0.997, 0.995003, 0.995008, 0.997008, 0.997, 0.996003, 0.996007, 0.997008, 0.998008)
(0.997, 0.995003, 0.995008, 0.997008, 0.997, 0.996003, 0.996007, 0.997008, 0.998008))
pre(18):3.97607 , -0.006 , 1
err(18):-2.97607
V(0,0) : 0,1.99402,0,0.997
V(0,1) : 0,1.99402,0,0.995003
V(0,2) : 0,1.99402,0,0.995008
V(0,3) : 0.000997008,1.99402,1,0.997008
V(0,4) : 0,1.99402,0,0.997
V(0,5) : 0,1.99402,0,0.996003
V(0,6) : 0,1.99402,0,0.996007
V(0,7) : 0.000997008,1.99402,1,0.997008
V(0,8) : 0,1.99402,0,0.998008
V(1,0) : 0,1.99402,0,0.997
V(1,1) : 0,1.99402,0,0.995003
V(1,2) : 0,1.99402,0,0.995008
V(1,3) : 0.000997008,1.99402,1,0.997008
V(1,4) : 0,1.99402,0,0.997
V(1,5) : 0,1.99402,0,0.996003
V(1,6) : 0,1.99402,0,0.996007
V(1,7) : 0.000997008,1.99402,1,0.997008
V(1,8) : 0,1.99402,0,0.998008
V(2,0) : 0,1.99402,0,0.997
V(2,1) : 0,1.99402,0,0.995003
V(2,2) : 0,1.99402,0,0.995008
V(2,3) : 0.000997008,1.99402,1,0.997008
V(2,4) : 0,1.99402,0,0.997
V(2,5) : 0,1.99402,0,0.996003
V(2,6) : 0,1.99402,0,0.996007
V(2,7) : 0.000997008,1.99402,1,0.997008
V(2,8) : 0,1.99402,0,0.998008
v:((0.997, 0.995003, 0.995008, 0.996011, 0.997, 0.996003, 0.996007, 0.996011, 0.998008)
(0.997, 0.995003, 0.995008, 0.996011, 0.997, 0.996003, 0.996007, 0.996011, 0.998008)
(0.997, 0.995003, 0.995008, 0.996011, 0.997, 0.996003, 0.996007, 0.996011, 0.998008))
pre(19):3.97608 , -0.006 , 1
err(19):0.0239192
V(0,0) : 0,1.99402,0,0.997
V(0,1) : 0,1.99402,0,0.995003
V(0,2) : 0,1.99402,0,0.995008
V(0,3) : 0.000998008,1.99402,1,0.996011
V(0,4) : 0,1.99402,0,0.997
V(0,5) : 0,1.99402,0,0.996003
V(0,6) : 0,1.99402,0,0.996007
V(0,7) : 0,1.99402,0,0.996011
V(0,8) : 0.000996011,1.99402,1,0.998008
V(1,0) : 0,1.99402,0,0.997
V(1,1) : 0,1.99402,0,0.995003
V(1,2) : 0,1.99402,0,0.995008
V(1,3) : 0.000998008,1.99402,1,0.996011
V(1,4) : 0,1.99402,0,0.997
V(1,5) : 0,1.99402,0,0.996003
V(1,6) : 0,1.99402,0,0.996007
V(1,7) : 0,1.99402,0,0.996011
V(1,8) : 0.000996011,1.99402,1,0.998008
V(2,0) : 0,1.99402,0,0.997
V(2,1) : 0,1.99402,0,0.995003
V(2,2) : 0,1.99402,0,0.995008
V(2,3) : 0.000998008,1.99402,1,0.996011
V(2,4) : 0,1.99402,0,0.997
V(2,5) : 0,1.99402,0,0.996003
V(2,6) : 0,1.99402,0,0.996007
V(2,7) : 0,1.99402,0,0.996011
V(2,8) : 0.000996011,1.99402,1,0.998008
v:((0.997, 0.995003, 0.995008, 0.995013, 0.997, 0.996003, 0.996007, 0.996011, 0.997012)
(0.997, 0.995003, 0.995008, 0.995013, 0.997, 0.996003, 0.996007, 0.996011, 0.997012)
(0.997, 0.995003, 0.995008, 0.995013, 0.997, 0.996003, 0.996007, 0.996011, 0.997012))
FM: line end : 0
FM: w : (-0.003, -0.005, -0.005, -0.005, -0.003, -0.004, -0.004, -0.004, -0.003)
diff_v:8.96406
diff_w:0.005
diff:8.96906step0
FM: step-count : 1
pre(1):3.97104 , -0.007 , 0.999
err(1):-2.97104
V(0,0) : 0.000996003,1.993,1,0.997
V(0,1) : 0,1.993,0,0.995003
V(0,2) : 0,1.993,0,0.995008
V(0,3) : 0,1.993,0,0.995013
V(0,4) : 0,1.993,0,0.997
V(0,5) : 0.000997,1.993,1,0.996003
V(0,6) : 0,1.993,0,0.996007
V(0,7) : 0,1.993,0,0.996011
V(0,8) : 0,1.993,0,0.997012
V(1,0) : 0.000996003,1.993,1,0.997
V(1,1) : 0,1.993,0,0.995003
V(1,2) : 0,1.993,0,0.995008
V(1,3) : 0,1.993,0,0.995013
V(1,4) : 0,1.993,0,0.997
V(1,5) : 0.000997,1.993,1,0.996003
V(1,6) : 0,1.993,0,0.996007
V(1,7) : 0,1.993,0,0.996011
V(1,8) : 0,1.993,0,0.997012
V(2,0) : 0.000996003,1.993,1,0.997
V(2,1) : 0,1.993,0,0.995003
V(2,2) : 0,1.993,0,0.995008
V(2,3) : 0,1.993,0,0.995013
V(2,4) : 0,1.993,0,0.997
V(2,5) : 0.000997,1.993,1,0.996003
V(2,6) : 0,1.993,0,0.996007
V(2,7) : 0,1.993,0,0.996011
V(2,8) : 0,1.993,0,0.997012
v:((0.996004, 0.995003, 0.995008, 0.995013, 0.997, 0.995006, 0.996007, 0.996011, 0.997012)
(0.996004, 0.995003, 0.995008, 0.995013, 0.997, 0.995006, 0.996007, 0.996011, 0.997012)
(0.996004, 0.995003, 0.995008, 0.995013, 0.997, 0.995006, 0.996007, 0.996011, 0.997012))
pre(2):3.96708 , -0.008 , 0.999
err(2):-1.96708
V(0,0) : 0.000996007,1.99201,1,0.996004
V(0,1) : 0,1.99201,0,0.995003
V(0,2) : 0,1.99201,0,0.995008
V(0,3) : 0,1.99201,0,0.995013
V(0,4) : 0,1.99201,0,0.997
V(0,5) : 0,1.99201,0,0.995006
V(0,6) : 0.000996004,1.99201,1,0.996007
V(0,7) : 0,1.99201,0,0.996011
V(0,8) : 0,1.99201,0,0.997012
V(1,0) : 0.000996007,1.99201,1,0.996004
V(1,1) : 0,1.99201,0,0.995003
V(1,2) : 0,1.99201,0,0.995008
V(1,3) : 0,1.99201,0,0.995013
V(1,4) : 0,1.99201,0,0.997
V(1,5) : 0,1.99201,0,0.995006
V(1,6) : 0.000996004,1.99201,1,0.996007
V(1,7) : 0,1.99201,0,0.996011
V(1,8) : 0,1.99201,0,0.997012
V(2,0) : 0.000996007,1.99201,1,0.996004
V(2,1) : 0,1.99201,0,0.995003
V(2,2) : 0,1.99201,0,0.995008
V(2,3) : 0,1.99201,0,0.995013
V(2,4) : 0,1.99201,0,0.997
V(2,5) : 0,1.99201,0,0.995006
V(2,6) : 0.000996004,1.99201,1,0.996007
V(2,7) : 0,1.99201,0,0.996011
V(2,8) : 0,1.99201,0,0.997012
v:((0.995008, 0.995003, 0.995008, 0.995013, 0.997, 0.995006, 0.995011, 0.996011, 0.997012)
(0.995008, 0.995003, 0.995008, 0.995013, 0.997, 0.995006, 0.995011, 0.996011, 0.997012)
(0.995008, 0.995003, 0.995008, 0.995013, 0.997, 0.995006, 0.995011, 0.996011, 0.997012))
pre(3):3.96312 , -0.009 , 0.999
err(3):-0.963117
V(0,0) : 0.000996011,1.99102,1,0.995008
V(0,1) : 0,1.99102,0,0.995003
V(0,2) : 0,1.99102,0,0.995008
V(0,3) : 0,1.99102,0,0.995013
V(0,4) : 0,1.99102,0,0.997
V(0,5) : 0,1.99102,0,0.995006
V(0,6) : 0,1.99102,0,0.995011
V(0,7) : 0.000995008,1.99102,1,0.996011
V(0,8) : 0,1.99102,0,0.997012
V(1,0) : 0.000996011,1.99102,1,0.995008
V(1,1) : 0,1.99102,0,0.995003
V(1,2) : 0,1.99102,0,0.995008
V(1,3) : 0,1.99102,0,0.995013
V(1,4) : 0,1.99102,0,0.997
V(1,5) : 0,1.99102,0,0.995006
V(1,6) : 0,1.99102,0,0.995011
V(1,7) : 0.000995008,1.99102,1,0.996011
V(1,8) : 0,1.99102,0,0.997012
V(2,0) : 0.000996011,1.99102,1,0.995008
V(2,1) : 0,1.99102,0,0.995003
V(2,2) : 0,1.99102,0,0.995008
V(2,3) : 0,1.99102,0,0.995013
V(2,4) : 0,1.99102,0,0.997
V(2,5) : 0,1.99102,0,0.995006
V(2,6) : 0,1.99102,0,0.995011
V(2,7) : 0.000995008,1.99102,1,0.996011
V(2,8) : 0,1.99102,0,0.997012
v:((0.994012, 0.995003, 0.995008, 0.995013, 0.997, 0.995006, 0.995011, 0.995016, 0.997012)
(0.994012, 0.995003, 0.995008, 0.995013, 0.997, 0.995006, 0.995011, 0.995016, 0.997012)
(0.994012, 0.995003, 0.995008, 0.995013, 0.997, 0.995006, 0.995011, 0.995016, 0.997012))
pre(5):3.96705 , -0.008 , 0.999
err(5):-2.96705
V(0,0) : 0,1.992,0,0.994012
V(0,1) : 0.000997,1.992,1,0.995003
V(0,2) : 0,1.992,0,0.995008
V(0,3) : 0,1.992,0,0.995013
V(0,4) : 0.000995003,1.992,1,0.997
V(0,5) : 0,1.992,0,0.995006
V(0,6) : 0,1.992,0,0.995011
V(0,7) : 0,1.992,0,0.995016
V(0,8) : 0,1.992,0,0.997012
V(1,0) : 0,1.992,0,0.994012
V(1,1) : 0.000997,1.992,1,0.995003
V(1,2) : 0,1.992,0,0.995008
V(1,3) : 0,1.992,0,0.995013
V(1,4) : 0.000995003,1.992,1,0.997
V(1,5) : 0,1.992,0,0.995006
V(1,6) : 0,1.992,0,0.995011
V(1,7) : 0,1.992,0,0.995016
V(1,8) : 0,1.992,0,0.997012
V(2,0) : 0,1.992,0,0.994012
V(2,1) : 0.000997,1.992,1,0.995003
V(2,2) : 0,1.992,0,0.995008
V(2,3) : 0,1.992,0,0.995013
V(2,4) : 0.000995003,1.992,1,0.997
V(2,5) : 0,1.992,0,0.995006
V(2,6) : 0,1.992,0,0.995011
V(2,7) : 0,1.992,0,0.995016
V(2,8) : 0,1.992,0,0.997012
v:((0.994012, 0.994006, 0.995008, 0.995013, 0.996005, 0.995006, 0.995011, 0.995016, 0.997012)
(0.994012, 0.994006, 0.995008, 0.995013, 0.996005, 0.995006, 0.995011, 0.995016, 0.997012)
(0.994012, 0.994006, 0.995008, 0.995013, 0.996005, 0.995006, 0.995011, 0.995016, 0.997012))
pre(6):3.95513 , -0.011 , 0.999
err(6):-2.95513
V(0,0) : 0,1.98901,0,0.994012
V(0,1) : 0.000995006,1.98901,1,0.994006
V(0,2) : 0,1.98901,0,0.995008
V(0,3) : 0,1.98901,0,0.995013
V(0,4) : 0,1.98901,0,0.996005
V(0,5) : 0.000994006,1.98901,1,0.995006
V(0,6) : 0,1.98901,0,0.995011
V(0,7) : 0,1.98901,0,0.995016
V(0,8) : 0,1.98901,0,0.997012
V(1,0) : 0,1.98901,0,0.994012
V(1,1) : 0.000995006,1.98901,1,0.994006
V(1,2) : 0,1.98901,0,0.995008
V(1,3) : 0,1.98901,0,0.995013
V(1,4) : 0,1.98901,0,0.996005
V(1,5) : 0.000994006,1.98901,1,0.995006
V(1,6) : 0,1.98901,0,0.995011
V(1,7) : 0,1.98901,0,0.995016
V(1,8) : 0,1.98901,0,0.997012
V(2,0) : 0,1.98901,0,0.994012
V(2,1) : 0.000995006,1.98901,1,0.994006
V(2,2) : 0,1.98901,0,0.995008
V(2,3) : 0,1.98901,0,0.995013
V(2,4) : 0,1.98901,0,0.996005
V(2,5) : 0.000994006,1.98901,1,0.995006
V(2,6) : 0,1.98901,0,0.995011
V(2,7) : 0,1.98901,0,0.995016
V(2,8) : 0,1.98901,0,0.997012
v:((0.994012, 0.993011, 0.995008, 0.995013, 0.996005, 0.994012, 0.995011, 0.995016, 0.997012)
(0.994012, 0.993011, 0.995008, 0.995013, 0.996005, 0.994012, 0.995011, 0.995016, 0.997012)
(0.994012, 0.993011, 0.995008, 0.995013, 0.996005, 0.994012, 0.995011, 0.995016, 0.997012))
pre(7):3.95117 , -0.012 , 0.999
err(7):-1.95117
V(0,0) : 0,1.98802,0,0.994012
V(0,1) : 0.000995011,1.98802,1,0.993011
V(0,2) : 0,1.98802,0,0.995008
V(0,3) : 0,1.98802,0,0.995013
V(0,4) : 0,1.98802,0,0.996005
V(0,5) : 0,1.98802,0,0.994012
V(0,6) : 0.000993011,1.98802,1,0.995011
V(0,7) : 0,1.98802,0,0.995016
V(0,8) : 0,1.98802,0,0.997012
V(1,0) : 0,1.98802,0,0.994012
V(1,1) : 0.000995011,1.98802,1,0.993011
V(1,2) : 0,1.98802,0,0.995008
V(1,3) : 0,1.98802,0,0.995013
V(1,4) : 0,1.98802,0,0.996005
V(1,5) : 0,1.98802,0,0.994012
V(1,6) : 0.000993011,1.98802,1,0.995011
V(1,7) : 0,1.98802,0,0.995016
V(1,8) : 0,1.98802,0,0.997012
V(2,0) : 0,1.98802,0,0.994012
V(2,1) : 0.000995011,1.98802,1,0.993011
V(2,2) : 0,1.98802,0,0.995008
V(2,3) : 0,1.98802,0,0.995013
V(2,4) : 0,1.98802,0,0.996005
V(2,5) : 0,1.98802,0,0.994012
V(2,6) : 0.000993011,1.98802,1,0.995011
V(2,7) : 0,1.98802,0,0.995016
V(2,8) : 0,1.98802,0,0.997012
v:((0.994012, 0.992016, 0.995008, 0.995013, 0.996005, 0.994012, 0.994018, 0.995016, 0.997012)
(0.994012, 0.992016, 0.995008, 0.995013, 0.996005, 0.994012, 0.994018, 0.995016, 0.997012)
(0.994012, 0.992016, 0.995008, 0.995013, 0.996005, 0.994012, 0.994018, 0.995016, 0.997012))
pre(8):3.94722 , -0.013 , 0.999
err(8):-0.947215
V(0,0) : 0,1.98703,0,0.994012
V(0,1) : 0.000995016,1.98703,1,0.992016
V(0,2) : 0,1.98703,0,0.995008
V(0,3) : 0,1.98703,0,0.995013
V(0,4) : 0,1.98703,0,0.996005
V(0,5) : 0,1.98703,0,0.994012
V(0,6) : 0,1.98703,0,0.994018
V(0,7) : 0.000992016,1.98703,1,0.995016
V(0,8) : 0,1.98703,0,0.997012
V(1,0) : 0,1.98703,0,0.994012
V(1,1) : 0.000995016,1.98703,1,0.992016
V(1,2) : 0,1.98703,0,0.995008
V(1,3) : 0,1.98703,0,0.995013
V(1,4) : 0,1.98703,0,0.996005
V(1,5) : 0,1.98703,0,0.994012
V(1,6) : 0,1.98703,0,0.994018
V(1,7) : 0.000992016,1.98703,1,0.995016
V(1,8) : 0,1.98703,0,0.997012
V(2,0) : 0,1.98703,0,0.994012
V(2,1) : 0.000995016,1.98703,1,0.992016
V(2,2) : 0,1.98703,0,0.995008
V(2,3) : 0,1.98703,0,0.995013
V(2,4) : 0,1.98703,0,0.996005
V(2,5) : 0,1.98703,0,0.994012
V(2,6) : 0,1.98703,0,0.994018
V(2,7) : 0.000992016,1.98703,1,0.995016
V(2,8) : 0,1.98703,0,0.997012
v:((0.994012, 0.991021, 0.995008, 0.995013, 0.996005, 0.994012, 0.994018, 0.994024, 0.997012)
(0.994012, 0.991021, 0.995008, 0.995013, 0.996005, 0.994012, 0.994018, 0.994024, 0.997012)
(0.994012, 0.991021, 0.995008, 0.995013, 0.996005, 0.994012, 0.994018, 0.994024, 0.997012))
pre(9):3.95118 , -0.012 , 0.999
err(9):0.0488207
V(0,0) : 0,1.98803,0,0.994012
V(0,1) : 0.000997012,1.98803,1,0.991021
V(0,2) : 0,1.98803,0,0.995008
V(0,3) : 0,1.98803,0,0.995013
V(0,4) : 0,1.98803,0,0.996005
V(0,5) : 0,1.98803,0,0.994012
V(0,6) : 0,1.98803,0,0.994018
V(0,7) : 0,1.98803,0,0.994024
V(0,8) : 0.000991021,1.98803,1,0.997012
V(1,0) : 0,1.98803,0,0.994012
V(1,1) : 0.000997012,1.98803,1,0.991021
V(1,2) : 0,1.98803,0,0.995008
V(1,3) : 0,1.98803,0,0.995013
V(1,4) : 0,1.98803,0,0.996005
V(1,5) : 0,1.98803,0,0.994012
V(1,6) : 0,1.98803,0,0.994018
V(1,7) : 0,1.98803,0,0.994024
V(1,8) : 0.000991021,1.98803,1,0.997012
V(2,0) : 0,1.98803,0,0.994012
V(2,1) : 0.000997012,1.98803,1,0.991021
V(2,2) : 0,1.98803,0,0.995008
V(2,3) : 0,1.98803,0,0.995013
V(2,4) : 0,1.98803,0,0.996005
V(2,5) : 0,1.98803,0,0.994012
V(2,6) : 0,1.98803,0,0.994018
V(2,7) : 0,1.98803,0,0.994024
V(2,8) : 0.000991021,1.98803,1,0.997012
v:((0.994012, 0.990024, 0.995008, 0.995013, 0.996005, 0.994012, 0.994018, 0.994024, 0.996021)
(0.994012, 0.990024, 0.995008, 0.995013, 0.996005, 0.994012, 0.994018, 0.994024, 0.996021)
(0.994012, 0.990024, 0.995008, 0.995013, 0.996005, 0.994012, 0.994018, 0.994024, 0.996021))
pre(10):3.9631 , -0.009 , 0.999
err(10):-1.9631
V(0,0) : 0,1.99101,0,0.994012
V(0,1) : 0,1.99101,0,0.990024
V(0,2) : 0.000996005,1.99101,1,0.995008
V(0,3) : 0,1.99101,0,0.995013
V(0,4) : 0.000995008,1.99101,1,0.996005
V(0,5) : 0,1.99101,0,0.994012
V(0,6) : 0,1.99101,0,0.994018
V(0,7) : 0,1.99101,0,0.994024
V(0,8) : 0,1.99101,0,0.996021
V(1,0) : 0,1.99101,0,0.994012
V(1,1) : 0,1.99101,0,0.990024
V(1,2) : 0.000996005,1.99101,1,0.995008
V(1,3) : 0,1.99101,0,0.995013
V(1,4) : 0.000995008,1.99101,1,0.996005
V(1,5) : 0,1.99101,0,0.994012
V(1,6) : 0,1.99101,0,0.994018
V(1,7) : 0,1.99101,0,0.994024
V(1,8) : 0,1.99101,0,0.996021
V(2,0) : 0,1.99101,0,0.994012
V(2,1) : 0,1.99101,0,0.990024
V(2,2) : 0.000996005,1.99101,1,0.995008
V(2,3) : 0,1.99101,0,0.995013
V(2,4) : 0.000995008,1.99101,1,0.996005
V(2,5) : 0,1.99101,0,0.994012
V(2,6) : 0,1.99101,0,0.994018
V(2,7) : 0,1.99101,0,0.994024
V(2,8) : 0,1.99101,0,0.996021
v:((0.994012, 0.990024, 0.994012, 0.995013, 0.99501, 0.994012, 0.994018, 0.994024, 0.996021)
(0.994012, 0.990024, 0.994012, 0.995013, 0.99501, 0.994012, 0.994018, 0.994024, 0.996021)
(0.994012, 0.990024, 0.994012, 0.995013, 0.99501, 0.994012, 0.994018, 0.994024, 0.996021))
pre(11):3.95118 , -0.012 , 0.999
err(11):-0.951179
V(0,0) : 0,1.98802,0,0.994012
V(0,1) : 0,1.98802,0,0.990024
V(0,2) : 0.000994012,1.98802,1,0.994012
V(0,3) : 0,1.98802,0,0.995013
V(0,4) : 0,1.98802,0,0.99501
V(0,5) : 0.000994012,1.98802,1,0.994012
V(0,6) : 0,1.98802,0,0.994018
V(0,7) : 0,1.98802,0,0.994024
V(0,8) : 0,1.98802,0,0.996021
V(1,0) : 0,1.98802,0,0.994012
V(1,1) : 0,1.98802,0,0.990024
V(1,2) : 0.000994012,1.98802,1,0.994012
V(1,3) : 0,1.98802,0,0.995013
V(1,4) : 0,1.98802,0,0.99501
V(1,5) : 0.000994012,1.98802,1,0.994012
V(1,6) : 0,1.98802,0,0.994018
V(1,7) : 0,1.98802,0,0.994024
V(1,8) : 0,1.98802,0,0.996021
V(2,0) : 0,1.98802,0,0.994012
V(2,1) : 0,1.98802,0,0.990024
V(2,2) : 0.000994012,1.98802,1,0.994012
V(2,3) : 0,1.98802,0,0.995013
V(2,4) : 0,1.98802,0,0.99501
V(2,5) : 0.000994012,1.98802,1,0.994012
V(2,6) : 0,1.98802,0,0.994018
V(2,7) : 0,1.98802,0,0.994024
V(2,8) : 0,1.98802,0,0.996021
v:((0.994012, 0.990024, 0.993018, 0.995013, 0.99501, 0.993018, 0.994018, 0.994024, 0.996021)
(0.994012, 0.990024, 0.993018, 0.995013, 0.99501, 0.993018, 0.994018, 0.994024, 0.996021)
(0.994012, 0.990024, 0.993018, 0.995013, 0.99501, 0.993018, 0.994018, 0.994024, 0.996021))
pre(12):3.94723 , -0.013 , 0.999
err(12):0.0527669
V(0,0) : 0,1.98704,0,0.994012
V(0,1) : 0,1.98704,0,0.990024
V(0,2) : 0.000994018,1.98704,1,0.993018
V(0,3) : 0,1.98704,0,0.995013
V(0,4) : 0,1.98704,0,0.99501
V(0,5) : 0,1.98704,0,0.993018
V(0,6) : 0.000993018,1.98704,1,0.994018
V(0,7) : 0,1.98704,0,0.994024
V(0,8) : 0,1.98704,0,0.996021
V(1,0) : 0,1.98704,0,0.994012
V(1,1) : 0,1.98704,0,0.990024
V(1,2) : 0.000994018,1.98704,1,0.993018
V(1,3) : 0,1.98704,0,0.995013
V(1,4) : 0,1.98704,0,0.99501
V(1,5) : 0,1.98704,0,0.993018
V(1,6) : 0.000993018,1.98704,1,0.994018
V(1,7) : 0,1.98704,0,0.994024
V(1,8) : 0,1.98704,0,0.996021
V(2,0) : 0,1.98704,0,0.994012
V(2,1) : 0,1.98704,0,0.990024
V(2,2) : 0.000994018,1.98704,1,0.993018
V(2,3) : 0,1.98704,0,0.995013
V(2,4) : 0,1.98704,0,0.99501
V(2,5) : 0,1.98704,0,0.993018
V(2,6) : 0.000993018,1.98704,1,0.994018
V(2,7) : 0,1.98704,0,0.994024
V(2,8) : 0,1.98704,0,0.996021
v:((0.994012, 0.990024, 0.992024, 0.995013, 0.99501, 0.993018, 0.993025, 0.994024, 0.996021)
(0.994012, 0.990024, 0.992024, 0.995013, 0.99501, 0.993018, 0.993025, 0.994024, 0.996021)
(0.994012, 0.990024, 0.992024, 0.995013, 0.99501, 0.993018, 0.993025, 0.994024, 0.996021))
pre(13):3.94329 , -0.014 , 0.999
err(13):-2.94329
V(0,0) : 0,1.98605,0,0.994012
V(0,1) : 0,1.98605,0,0.990024
V(0,2) : 0.000994024,1.98605,1,0.992024
V(0,3) : 0,1.98605,0,0.995013
V(0,4) : 0,1.98605,0,0.99501
V(0,5) : 0,1.98605,0,0.993018
V(0,6) : 0,1.98605,0,0.993025
V(0,7) : 0.000992024,1.98605,1,0.994024
V(0,8) : 0,1.98605,0,0.996021
V(1,0) : 0,1.98605,0,0.994012
V(1,1) : 0,1.98605,0,0.990024
V(1,2) : 0.000994024,1.98605,1,0.992024
V(1,3) : 0,1.98605,0,0.995013
V(1,4) : 0,1.98605,0,0.99501
V(1,5) : 0,1.98605,0,0.993018
V(1,6) : 0,1.98605,0,0.993025
V(1,7) : 0.000992024,1.98605,1,0.994024
V(1,8) : 0,1.98605,0,0.996021
V(2,0) : 0,1.98605,0,0.994012
V(2,1) : 0,1.98605,0,0.990024
V(2,2) : 0.000994024,1.98605,1,0.992024
V(2,3) : 0,1.98605,0,0.995013
V(2,4) : 0,1.98605,0,0.99501
V(2,5) : 0,1.98605,0,0.993018
V(2,6) : 0,1.98605,0,0.993025
V(2,7) : 0.000992024,1.98605,1,0.994024
V(2,8) : 0,1.98605,0,0.996021
v:((0.994012, 0.990024, 0.99103, 0.995013, 0.99501, 0.993018, 0.993025, 0.993032, 0.996021)
(0.994012, 0.990024, 0.99103, 0.995013, 0.99501, 0.993018, 0.993025, 0.993032, 0.996021)
(0.994012, 0.990024, 0.99103, 0.995013, 0.99501, 0.993018, 0.993025, 0.993032, 0.996021))
pre(14):3.94726 , -0.013 , 0.999
err(14):0.0527403
V(0,0) : 0,1.98705,0,0.994012
V(0,1) : 0,1.98705,0,0.990024
V(0,2) : 0.000996021,1.98705,1,0.99103
V(0,3) : 0,1.98705,0,0.995013
V(0,4) : 0,1.98705,0,0.99501
V(0,5) : 0,1.98705,0,0.993018
V(0,6) : 0,1.98705,0,0.993025
V(0,7) : 0,1.98705,0,0.993032
V(0,8) : 0.00099103,1.98705,1,0.996021
V(1,0) : 0,1.98705,0,0.994012
V(1,1) : 0,1.98705,0,0.990024
V(1,2) : 0.000996021,1.98705,1,0.99103
V(1,3) : 0,1.98705,0,0.995013
V(1,4) : 0,1.98705,0,0.99501
V(1,5) : 0,1.98705,0,0.993018
V(1,6) : 0,1.98705,0,0.993025
V(1,7) : 0,1.98705,0,0.993032
V(1,8) : 0.00099103,1.98705,1,0.996021
V(2,0) : 0,1.98705,0,0.994012
V(2,1) : 0,1.98705,0,0.990024
V(2,2) : 0.000996021,1.98705,1,0.99103
V(2,3) : 0,1.98705,0,0.995013
V(2,4) : 0,1.98705,0,0.99501
V(2,5) : 0,1.98705,0,0.993018
V(2,6) : 0,1.98705,0,0.993025
V(2,7) : 0,1.98705,0,0.993032
V(2,8) : 0.00099103,1.98705,1,0.996021
v:((0.994012, 0.990024, 0.990034, 0.995013, 0.99501, 0.993018, 0.993025, 0.993032, 0.99503)
(0.994012, 0.990024, 0.990034, 0.995013, 0.99501, 0.993018, 0.993025, 0.993032, 0.99503)
(0.994012, 0.990024, 0.990034, 0.995013, 0.99501, 0.993018, 0.993025, 0.993032, 0.99503))
pre(15):3.95914 , -0.01 , 0.999
err(15):-1.95914
V(0,0) : 0,1.99002,0,0.994012
V(0,1) : 0,1.99002,0,0.990024
V(0,2) : 0,1.99002,0,0.990034
V(0,3) : 0.00099501,1.99002,1,0.995013
V(0,4) : 0.000995013,1.99002,1,0.99501
V(0,5) : 0,1.99002,0,0.993018
V(0,6) : 0,1.99002,0,0.993025
V(0,7) : 0,1.99002,0,0.993032
V(0,8) : 0,1.99002,0,0.99503
V(1,0) : 0,1.99002,0,0.994012
V(1,1) : 0,1.99002,0,0.990024
V(1,2) : 0,1.99002,0,0.990034
V(1,3) : 0.00099501,1.99002,1,0.995013
V(1,4) : 0.000995013,1.99002,1,0.99501
V(1,5) : 0,1.99002,0,0.993018
V(1,6) : 0,1.99002,0,0.993025
V(1,7) : 0,1.99002,0,0.993032
V(1,8) : 0,1.99002,0,0.99503
V(2,0) : 0,1.99002,0,0.994012
V(2,1) : 0,1.99002,0,0.990024
V(2,2) : 0,1.99002,0,0.990034
V(2,3) : 0.00099501,1.99002,1,0.995013
V(2,4) : 0.000995013,1.99002,1,0.99501
V(2,5) : 0,1.99002,0,0.993018
V(2,6) : 0,1.99002,0,0.993025
V(2,7) : 0,1.99002,0,0.993032
V(2,8) : 0,1.99002,0,0.99503
v:((0.994012, 0.990024, 0.990034, 0.994018, 0.994015, 0.993018, 0.993025, 0.993032, 0.99503)
(0.994012, 0.990024, 0.990034, 0.994018, 0.994015, 0.993018, 0.993025, 0.993032, 0.99503)
(0.994012, 0.990024, 0.990034, 0.994018, 0.994015, 0.993018, 0.993025, 0.993032, 0.99503))
pre(16):3.94723 , -0.013 , 0.999
err(16):-0.947233
V(0,0) : 0,1.98704,0,0.994012
V(0,1) : 0,1.98704,0,0.990024
V(0,2) : 0,1.98704,0,0.990034
V(0,3) : 0.000993018,1.98704,1,0.994018
V(0,4) : 0,1.98704,0,0.994015
V(0,5) : 0.000994018,1.98704,1,0.993018
V(0,6) : 0,1.98704,0,0.993025
V(0,7) : 0,1.98704,0,0.993032
V(0,8) : 0,1.98704,0,0.99503
V(1,0) : 0,1.98704,0,0.994012
V(1,1) : 0,1.98704,0,0.990024
V(1,2) : 0,1.98704,0,0.990034
V(1,3) : 0.000993018,1.98704,1,0.994018
V(1,4) : 0,1.98704,0,0.994015
V(1,5) : 0.000994018,1.98704,1,0.993018
V(1,6) : 0,1.98704,0,0.993025
V(1,7) : 0,1.98704,0,0.993032
V(1,8) : 0,1.98704,0,0.99503
V(2,0) : 0,1.98704,0,0.994012
V(2,1) : 0,1.98704,0,0.990024
V(2,2) : 0,1.98704,0,0.990034
V(2,3) : 0.000993018,1.98704,1,0.994018
V(2,4) : 0,1.98704,0,0.994015
V(2,5) : 0.000994018,1.98704,1,0.993018
V(2,6) : 0,1.98704,0,0.993025
V(2,7) : 0,1.98704,0,0.993032
V(2,8) : 0,1.98704,0,0.99503
v:((0.994012, 0.990024, 0.990034, 0.993025, 0.994015, 0.992024, 0.993025, 0.993032, 0.99503)
(0.994012, 0.990024, 0.990034, 0.993025, 0.994015, 0.992024, 0.993025, 0.993032, 0.99503)
(0.994012, 0.990024, 0.990034, 0.993025, 0.994015, 0.992024, 0.993025, 0.993032, 0.99503))
pre(17):3.9433 , -0.014 , 0.999
err(17):0.0567043
V(0,0) : 0,1.98605,0,0.994012
V(0,1) : 0,1.98605,0,0.990024
V(0,2) : 0,1.98605,0,0.990034
V(0,3) : 0.000993025,1.98605,1,0.993025
V(0,4) : 0,1.98605,0,0.994015
V(0,5) : 0,1.98605,0,0.992024
V(0,6) : 0.000993025,1.98605,1,0.993025
V(0,7) : 0,1.98605,0,0.993032
V(0,8) : 0,1.98605,0,0.99503
V(1,0) : 0,1.98605,0,0.994012
V(1,1) : 0,1.98605,0,0.990024
V(1,2) : 0,1.98605,0,0.990034
V(1,3) : 0.000993025,1.98605,1,0.993025
V(1,4) : 0,1.98605,0,0.994015
V(1,5) : 0,1.98605,0,0.992024
V(1,6) : 0.000993025,1.98605,1,0.993025
V(1,7) : 0,1.98605,0,0.993032
V(1,8) : 0,1.98605,0,0.99503
V(2,0) : 0,1.98605,0,0.994012
V(2,1) : 0,1.98605,0,0.990024
V(2,2) : 0,1.98605,0,0.990034
V(2,3) : 0.000993025,1.98605,1,0.993025
V(2,4) : 0,1.98605,0,0.994015
V(2,5) : 0,1.98605,0,0.992024
V(2,6) : 0.000993025,1.98605,1,0.993025
V(2,7) : 0,1.98605,0,0.993032
V(2,8) : 0,1.98605,0,0.99503
v:((0.994012, 0.990024, 0.990034, 0.992032, 0.994015, 0.992024, 0.992032, 0.993032, 0.99503)
(0.994012, 0.990024, 0.990034, 0.992032, 0.994015, 0.992024, 0.992032, 0.993032, 0.99503)
(0.994012, 0.990024, 0.990034, 0.992032, 0.994015, 0.992024, 0.992032, 0.993032, 0.99503))
pre(18):3.93936 , -0.015 , 0.999
err(18):-2.93936
V(0,0) : 0,1.98506,0,0.994012
V(0,1) : 0,1.98506,0,0.990024
V(0,2) : 0,1.98506,0,0.990034
V(0,3) : 0.000993032,1.98506,1,0.992032
V(0,4) : 0,1.98506,0,0.994015
V(0,5) : 0,1.98506,0,0.992024
V(0,6) : 0,1.98506,0,0.992032
V(0,7) : 0.000992032,1.98506,1,0.993032
V(0,8) : 0,1.98506,0,0.99503
V(1,0) : 0,1.98506,0,0.994012
V(1,1) : 0,1.98506,0,0.990024
V(1,2) : 0,1.98506,0,0.990034
V(1,3) : 0.000993032,1.98506,1,0.992032
V(1,4) : 0,1.98506,0,0.994015
V(1,5) : 0,1.98506,0,0.992024
V(1,6) : 0,1.98506,0,0.992032
V(1,7) : 0.000992032,1.98506,1,0.993032
V(1,8) : 0,1.98506,0,0.99503
V(2,0) : 0,1.98506,0,0.994012
V(2,1) : 0,1.98506,0,0.990024
V(2,2) : 0,1.98506,0,0.990034
V(2,3) : 0.000993032,1.98506,1,0.992032
V(2,4) : 0,1.98506,0,0.994015
V(2,5) : 0,1.98506,0,0.992024
V(2,6) : 0,1.98506,0,0.992032
V(2,7) : 0.000992032,1.98506,1,0.993032
V(2,8) : 0,1.98506,0,0.99503
v:((0.994012, 0.990024, 0.990034, 0.991039, 0.994015, 0.992024, 0.992032, 0.99204, 0.99503)
(0.994012, 0.990024, 0.990034, 0.991039, 0.994015, 0.992024, 0.992032, 0.99204, 0.99503)
(0.994012, 0.990024, 0.990034, 0.991039, 0.994015, 0.992024, 0.992032, 0.99204, 0.99503))
pre(19):3.94334 , -0.014 , 0.999
err(19):0.0566599
V(0,0) : 0,1.98607,0,0.994012
V(0,1) : 0,1.98607,0,0.990024
V(0,2) : 0,1.98607,0,0.990034
V(0,3) : 0.00099503,1.98607,1,0.991039
V(0,4) : 0,1.98607,0,0.994015
V(0,5) : 0,1.98607,0,0.992024
V(0,6) : 0,1.98607,0,0.992032
V(0,7) : 0,1.98607,0,0.99204
V(0,8) : 0.000991039,1.98607,1,0.99503
V(1,0) : 0,1.98607,0,0.994012
V(1,1) : 0,1.98607,0,0.990024
V(1,2) : 0,1.98607,0,0.990034
V(1,3) : 0.00099503,1.98607,1,0.991039
V(1,4) : 0,1.98607,0,0.994015
V(1,5) : 0,1.98607,0,0.992024
V(1,6) : 0,1.98607,0,0.992032
V(1,7) : 0,1.98607,0,0.99204
V(1,8) : 0.000991039,1.98607,1,0.99503
V(2,0) : 0,1.98607,0,0.994012
V(2,1) : 0,1.98607,0,0.990024
V(2,2) : 0,1.98607,0,0.990034
V(2,3) : 0.00099503,1.98607,1,0.991039
V(2,4) : 0,1.98607,0,0.994015
V(2,5) : 0,1.98607,0,0.992024
V(2,6) : 0,1.98607,0,0.992032
V(2,7) : 0,1.98607,0,0.99204
V(2,8) : 0.000991039,1.98607,1,0.99503
v:((0.994012, 0.990024, 0.990034, 0.990044, 0.994015, 0.992024, 0.992032, 0.99204, 0.994039)
(0.994012, 0.990024, 0.990034, 0.990044, 0.994015, 0.992024, 0.992032, 0.99204, 0.994039)
(0.994012, 0.990024, 0.990034, 0.990044, 0.994015, 0.992024, 0.992032, 0.99204, 0.994039))
FM: line end : 1
FM: w : (-0.006, -0.01, -0.01, -0.01, -0.006, -0.008, -0.008, -0.008, -0.006)
diff_v:0.0357935
diff_w:0.005
diff:0.0407935step1
 Pr 
(3.95019, 3.94225, 3.94227, 3.9423, 3.95026, 3.9343, 3.92638, 3.92641, 3.92643, 3.93437, 3.93433, 3.92641, 3.92644, 3.92646, 3.9344, 3.93436, 3.92644, 3.92647, 3.92649, 3.93443)
 pre 
((3.95019, 3.94225, 3.94227, 3.9423, 3.95026)
(3.9343, 3.92638, 3.92641, 3.92643, 3.93437)
(3.93433, 3.92641, 3.92644, 3.92646, 3.9344)
(3.93436, 3.92644, 3.92647, 3.92649, 3.93443))
error < best_error
0 0
0 0
0 0
0 0
0 0
0 0
0 0
0 0
0 0
0 0
0 0
0 0
0 0
0 0
0 0
0 0
0 0
0 0
0 0
0 0
0 0
0 0
0 0
0 0
0 0
0 0
0 0
0 0
0 0
0 0
1 1
1 1
1 1
1 1
1 1
1 1
1 1
1 1
1 1
0.5
0.5
miss:2	MAE=2.5	F-measure=0	AUC=0.5
K = 3, beta = 0.05, alpha = 0.001 is done.
0h0m0s
