16
25
48
51
96
100
241
257
312
383
496
512
548
563
600
644
658
729
957
1005
1135
1233
1234
1245
1275
1289
1302
1304
1305
1306
1322
1330
1333
1350
1405
1457
1464
1465
1467
1488
1491
1511
1514
1626
1769
1799
1806
1872
1955
1974
1989
1993
2030
2076
2093
2098
2127
2139
2142
2183
2247
2258
2317
2335
2338
2340
2344
2365
2429
2449
2470
2476
2481
2483
2495
2497
2499
2503
2508
2541
2546
2562
2568
2584
2588
2622
2642
2644
2661
2667
2692
2746
2749
2751
2752
2760
2776
2802
2803
2822
2825
2833
2835
2840
2852
2855
2856
2882
2892
2903
2928
2929
2968
3013
3045
3047
3102
3139
3169
3182
3185
3189
3195
3199
3208
3254
3286
3294
3306
3364
3410
3411
3412
3413
3418
3419
3427
3488
3511
3635
3657
3658
3692
3693
3706
3707
3721
3735
3744
3774
3779
3837
3848
3859
3899
3908
3911
3924
3958
3974
4001
4039
4052
4061
4064
4065
4074
4128
4154
4169
4191
4199
4209
4216
4250
4297
4313
4320
4323
4325
4328
4351
4363
4366
4370
4383
4386
4394
4397
4411
4433
4477
4485
4486
4488
4522
4546
4550
4557
4577
4588
4589
4591
4597
4602
4647
4683
4686
4746
4756
4759
4760
4766
4776
4788
4793
4797
4837
4840
4843
4915
4955
4957
4960
4984
4990
5091
5136
5137
5204
5205
5268
5272
5291
5292
5314
5359
5411
5429
5430
5433
5435
5438
5440
5441
5445
5446
5448
5450
5452
5454
5458
5459
5462
5508
5513
5523
5542
5603
5604
5605
5608
5609
5610
5636
5648
5674
5687
5698
5700
5701
5708
5713
5722
5723
5751
5753
5769
5818
5822
5875
5884
5904
5942
6072
6088
6140
6164
6170
6172
6182
6186
6203
6223
6230
6275
6281
6286
6288
6312
6321
6331
6360
6363
6364
6375
6396
6402
6413
6431
6441
6446
6447
6448
6449
6450
6452
6453
6454
6455
6518
6522
6529
6531
6535
6551
6552
6555
6556
6557
6562
6564
6570
6571
6575
6576
6582
6597
6600
6625
6679
6685
6695
6696
6704
6708
6720
6741
6805
6832
6873
6877
6882
6902
6916
6941
6979
6994
7024
7053
7070
7077
7079
7088
7095
7103
7105
7119
7142
7145
7148
7158
7165
7167
7184
7192
7205
7213
7215
7224
7225
7229
7233
7242
7260
7267
7341
7347
7385
7389
7408
7431
7434
7435
7441
7453
7454
7455
7456
7499
7528
7529
7539
7546
7549
7617
7621
7692
7696
7732
7737
7800
7818
7820
7821
7931
7954
7961
7969
7973
8090
8135
8174
8205
8224
8239
8265
8285
8301
8304
8339
8342
8380
8381
8417
8448
8480
8484
8487
8488
8504
8517
8522
8523
8524
8528
8530
8533
8534
8536
8537
8539
8541
8572
8580
8591
8592
8604
8621
8623
8626
8628
8629
8630
8631
8633
8635
8637
8640
8665
8666
8681
8683
8688
8703
8711
8712
8726
8749
8752
8776
8778
8799
8800
8801
8803
8804
8807
8814
8837
8843
8876
8908
8941
8969
8999
9003
9006
9021
9022
9024
9026
9029
9039
9052
9104
9105
9106
9116
9138
9139
9140
9141
9142
9164
9172
9182
9183
9206
9214
9215
9253
9262
9265
9293
9315
9322
9334
9335
9341
9383
9388
9402
9403
9405
9432
9436
9452
9454
9455
9499
9501
9502
9508
9514
9528
9542
9566
9606
9631
9640
9650
9652
9663
9671
9682
9687
9712
9717
9723
9725
9732
9733
9736
9738
9744
9745
9777
9861
9863
9874
9922
9963
9978
9981
9986
9989
9998
9999
10004
10012
10027
10038
10040
10060
10070
10075
10091
10093
10096
10107
10118
10122
10123
10124
10128
10131
10134
10170
10182
10183
10184
10185
10188
10190
10197
10198
10200
10213
10216
10231
10255
10263
10281
10284
10285
10342
10346
10347
10350
10351
10353
10357
10362
10367
10384
10386
10392
10409
10416
10419
10424
10431
10434
10441
10444
10452
10454
10485
10486
10487
10495
10502
10506
10520
10522
10529
10536
10539
10548
10555
10556
10559
10565
10575
10584
10585
10586
10616
10617
10619
10653
10655
10656
10669
10672
10680
10683
10684
10687
10692
10696
10700
10703
10708
10720
10721
10739
10746
10757
10762
10763
10764
10765
10770
10779
10790
10877
10902
10925
10951
10974
11002
11004
11008
11010
11057
11078
11079
11080
11084
11104
11110
11111
11112
11120
11127
11135
11137
11139
11142
11168
11170
11174
11176
11194
11200
11202
11203
11223
11240
11256
11261
11264
11268
11285
11319
11328
11331
11337
11340
11344
11345
11347
11350
11353
11354
11355
11369
11386
11417
11422
11423
11430
11431
11432
11434
11438
11440
11442
11445
11452
11454
11459
11460
11461
11462
11463
11465
11482
11489
11491
11492
11493
11494
11495
11496
11501
11503
11508
11511
11516
11517
11518
11529
11531
11532
11545
11547
11549
11550
11551
11555
11556
11559
11560
11561
11569
11571
11591
11598
11599
11600
11602
11613
11616
11619
11628
11640
11653
11681
11697
11704
11741
11766
11776
11846
11854
11884
11996
12101
12193
12223
12227
12228
12271
12272
12273
12278
12279
12280
12314
12351
12356
12372
12378
12406
12421
12424
12425
12442
12445
12448
12457
12465
12466
12471
12489
12541
12542
12547
12563
12602
12614
12615
12660
12671
12672
12680
12686
12698
12705
12717
12728
12733
12736
12761
12762
12769
12783
12811
12839
12840
12846
12848
12853
12856
12864
12871
12893
12916
12924
12932
12977
13013
13017
13040
13047
13048
13058
13061
13064
13094
13095
13098
13101
13157
13170
13216
13236
13252
13271
13272
13276
13298
13511
13519
13628
13676
13702
13732
13791
13799
13802
13807
13876
13885
13928
13991
14041
14045
14210
14213
14267
14278
14431
14445
14446
14456
14461
14468
14484
14548
14549
14584
14594
14752
14755
14782
14791
14797
14809
14812
14813
14842
14852
14860
14862
14863
14869
14872
14906
14912
14913
14926
14927
14932
14935
14937
14938
14941
14944
14946
14956
14957
14966
14967
14970
14974
14977
14989
15011
15018
15027
15048
15062
15079
15107
15135
15162
15170
15171
15172
15173
15191
15227
15228
15231
15242
15244
15294
15302
15303
15308
15320
15327
15330
15335
15347
15355
15356
15357
15362
15363
15371
15376
15420
15478
15482
15484
15495
15517
15518
15556
15569
15571
15582
15591
15596
15609
15630
15632
15645
15650
15660
15661
15689
15691
15695
15701
15709
15718
15719
15726
15730
15734
15740
15750
15759
15763
15766
15767
15768
15775
15779
15782
15784
15792
15793
15802
15811
15814
15816
15818
15850
15851
15852
15853
15854
15855
15861
15867
15868
15869
15871
15874
15878
15882
15884
15896
15897
15900
15901
15909
15927
15949
15951
15957
15959
15960
15962
15979
15987
15990
15992
15993
15994
15999
16001
16012
16016
16019
16021
16022
16024
16027
16041
16043
16045
16046
16050
16053
16054
16060
16061
16063
16064
16065
16066
16068
16069
16070
16071
16072
16111
16124
16125
16126
16133
16142
16143
16144
16146
16147
16148
16153
16158
16163
16164
16174
16218
16221
16226
16248
16249
16250
16251
16253
16266
16269
16275
16279
16300
16303
16310
16315
16316
16317
16324
16326
16342
16344
16345
16346
16370
16373
16374
16375
16376
16377
16383
16384
16386
16390
16391
16400
16403
16415
16418
16419
16421
16441
16442
16443
16455
16459
16460
16467
16471
16472
16474
16475
16481
16505
16513
16514
16515
16560
16565
16580
16598
16610
16630
16631
16681
16682
16693
16694
16698
16733
16734
16745
16762
16781
16782
16789
16790
16813
16815
16827
16835
16851
16852
16854
16858
16859
16860
16861
16862
16865
16866
16870
16871
16874
16875
16887
16889
16893
16904
16911
16912
16918
16934
16948
16950
16953
16954
16971
16987
16988
17016
17040
17041
17050
17062
17063
17074
17081
17082
17087
17096
17100
17108
17120
17161
17172
17188
17198
17216
17239
17246
17247
17248
17256
17260
17264
17265
17271
17273
17309
17313
17315
17316
17317
17318
17330
17335
17343
17351
17355
17365
17368
17369
17374
17375
17417
17421
17430
17431
17432
17433
17435
17440
17453
17489
17499
17510
17511
17513
17515
17516
17520
17521
17522
17523
17524
17526
17527
17528
17540
17543
17550
17551
17552
17553
17554
17555
17556
17558
17561
17564
17565
17566
17576
17603
17683
17684
17686
17692
17693
17695
17698
17702
17706
17708
17717
17718
17730
17731
17734
17735
17739
17745
17750
17753
17757
17759
17760
17761
17763
17764
17765
17768
17771
17779
17781
17783
17791
17794
17796
17802
17803
17804
17805
17844
17861
17876
17884
17892
17894
17914
17920
17930
17943
17951
17958
17959
17962
17967
17981
17996
18012
18021
18033
18039
18047
18050
18054
18056
18058
18060
18062
18066
18067
18094
18097
18100
18101
18102
18114
18118
18139
18146
18151
18158
18160
18161
18162
18163
18164
18165
18168
18176
18185
18190
18193
18196
18202
18204
18205
18206
18208
18212
18219
18223
18236
18238
18240
18241
18251
18260
18264
18265
18306
18566
18639
18677
18686
18692
18694
18707
18708
18710
18711
18715
18716
18718
18719
18720
18721
18729
18747
18755
18758
18760
18762
18763
18780
18803
18812
18818
18828
18838
18849
18855
18856
18873
18898
18900
18905
18913
18915
18918
18929
18930
18947
18952
18960
18974
18976
18997
18998
18999
19000
19002
19007
19008
19017
19027
19029
19032
19033
19034
19035
19036
19043
19050
19054
19056
19061
19064
19077
19091
19093
19096
19097
19098
19102
19103
19110
19113
19115
19116
19140
19141
19142
19147
19149
19152
19153
19157
19160
19161
19162
19168
19193
19206
19212
19223
19239
19262
19263
19270
19271
19280
19297
19313
19314
19315
19328
19329
19330
19337
19345
19346
19347
19348
19350
19357
19360
19375
19387
19395
19396
19400
19406
19423
19424
19426
19461
19487
19564
19571
19592
19670
19680
19742
19744
19746
19747
19748
19749
19751
19755
19756
19758
19759
19760
19769
19770
19771
19784
19796
19806
19818
19830
19844
19845
19846
19847
19850
19851
19855
19859
19861
19864
19870
19874
19878
19908
19940
19945
19946
19947
19975
19981
19991
20022
20024
20048
20053
20057
20059
20097
20098
20103
20129
20130
20131
20138
20139
20140
20141
20145
20146
20151
20153
20154
20159
20160
20193
20194
20198
20211
20214
20215
20216
20218
20219
20220
20222
20224
20235
20236
20239
20240
20242
20243
20244
20245
20254
20269
20274
20299
20300
20318
20319
20332
20347
20356
20358
20359
20364
20366
20391
20392
20408
20411
20412
20416
20418
20426
20429
20430
20432
20450
20478
20479
20482
20483
20484
20491
20492
20501
20517
20518
20523
20524
20527
20534
20535
20542
20543
20544
20547
20566
20576
20582
20598
20601
20607
20612
20617
20620
20621
20627
20628
20640
20641
20642
20643
20645
20652
20654
20655
20656
20666
20667
20668
20688
20689
20690
20694
20702
20703
20705
20709
20711
20713
20714
20715
20717
20719
20720
20723
20724
20730
20742
20743
20745
20756
20759
20760
20763
20767
20779
20831
20836
20838
20840
20842
20846
20856
20861
20862
20871
20872
20880
20881
20884
20887
20895
20898
20907
20919
20920
20922
20931
20935
20939
20946
20947
20950
20968
20975
20985
21016
21022
21058
21066
21073
21075
21087
21091
21102
21105
21119
21126
21127
21128
21129
21153
21156
21157
21158
21159
21160
21164
21185
21186
21193
21194
21199
21200
21201
21202
21203
21204
21205
21206
21207
21208
21214
21217
21219
21220
21222
21224
21225
21226
21229
21231
21236
21237
21333
21334
21339
21355
21357
21358
21367
21384
21394
21395
21399
21400
21401
21408
21411
21416
21417
21418
21419
21420
21421
21422
21427
21429
21433
21438
21460
21464
21473
21478
21483
21486
21502
21509
21511
21518
21537
21538
21541
21544
21557
21564
21565
21570
21582
21587
21639
21640
21642
21643
21662
21665
21679
21682
21683
21686
21690
21691
21731
21744
21759
21760
21779
21785
21810
21812
21813
21820
21823
21832
21834
21837
21840
21850
21856
21870
21871
21877
21888
21890
21893
21894
21895
21902
21920
21933
21934
21937
21955
21957
21964
21965
21966
21973
21980
21981
21992
21993
22027
22030
22031
22044
22045
22061
22066
22082
22100
22104
22116
22134
22139
22164
22166
22167
22168
22180
22189
22192
22198
22199
22200
22201
22202
22205
22210
22232
22233
22234
22235
22239
22240
22245
22246
22254
22282
22283
22284
22285
22286
22287
22288
22289
22290
22291
22321
22322
22350
22395
22408
22416
22422
22429
22431
22442
22444
22446
22450
22458
22459
22463
22472
22479
22480
22482
22484
22486
22503
22513
22514
22520
22527
22529
22530
22532
22541
22543
22546
22549
22550
22556
22557
22558
22560
22562
22565
22569
22583
22585
22593
22597
22603
22608
22609
22610
22613
22615
22622
22665
22667
22674
22710
22722
22725
22726
22732
22746
22748
22751
22758
22760
22811
22819
22833
22850
22887
22898
22914
22925
22945
22950
22953
22958
22963
22966
22968
22969
22970
22977
22980
22983
22986
22989
22990
22991
22992
23007
23008
23010
23014
23019
23026
23029
23033
23036
23040
23043
23056
23066
23068
23070
23081
23083
23084
23086
23089
23091
23092
23095
23099
23101
23106
23108
23117
23121
23125
23128
23138
23139
23158
23201
23208
23210
23235
23249
23253
23260
23267
23270
23282
23283
23284
23285
23286
23304
23327
23330
23347
23360
23363
23368
23376
23401
23407
23408
23409
23411
23412
23420
23443
23444
23446
23452
23481
23497
23503
23536
23537
23543
23550
23552
23553
23572
23573
23574
23575
23578
23580
23582
23584
23587
23588
23589
23590
23592
23593
23595
23604
23606
23611
23614
23615
23627
23643
23644
23650
23653
23654
23658
23661
23664
23680
23702
23720
23728
23730
23731
23733
23734
23735
23747
23748
23787
23789
23790
23791
23798
23845
23848
23850
23865
23890
23911
23914
23918
23919
23927
23928
23929
23930
23931
23932
23933
23936
23943
23965
23974
23987
23994
24023
24025
24027
24029
24034
24040
24045
24050
24055
24056
24070
24071
24076
24078
24087
24088
24093
24094
24095
24097
24098
24102
24109
24126
24128
24129
24131
24132
24133
24134
24138
24147
24148
24150
24154
24157
24158
24160
24164
24175
24183
24195
24203
24214
24215
24218
24247
24256
24266
24275
24277
24280
24299
24300
24310
24333
24334
24351
24370
24377
24378
24382
24392
24393
24400
24403
24414
24416
24428
24429
24431
24433
24434
24435
24439
24449
24453
24454
24455
24458
24461
24462
24464
24465
24470
24473
24483
24484
24485
24486
24487
24491
24492
24513
24531
24532
24539
24540
24541
24542
24552
24553
24559
24564
24566
24567
24572
24579
24580
24581
24584
24589
24592
24593
24596
24597
24599
24601
24606
24607
24608
24609
24611
24612
24613
24621
24622
24624
24625
24652
24653
24654
24664
24668
24678
24683
24690
24691
24693
24697
24716
24730
24732
24734
24735
24736
24738
24739
24740
24742
24749
24751
24754
24755
24756
24757
24760
24761
24763
24776
24790
24797
24803
24814
24815
24839
24850
24851
24853
24856
24858
24865
24866
24876
24882
24889
24892
24893
24899
24900
24901
24905
24914
24928
24929
24931
24932
24939
24941
24957
24968
24973
24977
24979
24980
24981
24983
24984
24986
24988
24989
24990
24991
24994
24996
24998
25000
25001
25003
25004
25017
25020
25023
25024
25028
25035
25047
25048
25050
25055
25060
25064
25083
25086
25100
25101
25102
25103
25170
25249
25256
25257
25271
25275
25277
25296
25301
25313
25314
25329
25331
25338
25339
25340
25345
25354
25396
25409
25418
25422
25431
25433
25437
25438
25443
25448
25452
25455
25463
25465
25474
25475
25482
25484
25486
25497
25501
25503
25504
25505
25513
25519
25522
25535
25537
25551
25570
25571
25575
25578
25579
25582
25583
25586
25598
25599
25601
25604
25613
25637
25639
25649
25653
25655
25656
25664
25665
25666
25672
25673
25678
25681
25689
25697
25698
25701
25703
25710
25712
25715
25722
25724
25726
25727
25729
25730
25732
25734
25736
25737
25738
25740
25758
25761
25763
25771
25791
25852
25857
25859
25863
25864
25881
25882
25895
25911
25965
25989
25991
25993
25994
26004
26023
26047
26056
26057
26058
26060
26061
26062
26063
26065
26067
26068
26070
26071
26072
26074
26075
26076
26078
26079
26080
26081
26082
26083
26084
26085
26088
26089
26091
26093
26102
26104
26105
26110
26111
26116
26117
26118
26128
26131
26133
26140
26141
26142
26143
26147
26150
26151
26153
26154
26155
26158
26160
26168
26171
26173
26174
26175
26179
26180
26184
26198
26199
26202
26204
26205
26217
26218
26221
26225
26236
26242
26249
26250
26251
26252
26258
26262
26266
26268
26269
26270
26273
26274
26277
26290
26291
26292
26293
26294
26295
26296
26297
26299
26300
26301
26302
26303
26305
26307
26309
26310
26312
26316
26321
26325
26327
26334
26335
26339
26371
26372
26373
26376
26384
26387
26389
26396
26402
26417
26432
26433
26435
26436
26437
26440
26443
26444
26446
26448
26449
26450
26451
26452
26454
26458
26460
26462
26463
26465
26467
26469
26470
26474
26484
26486
26491
26501
26502
26504
26511
26519
26520
26522
26540
26544
26545
26546
26547
26548
26549
26550
26551
26552
26553
26554
26555
26557
26561
26564
26565
26566
26568
26569
26570
26576
26577
26579
26590
26609
26610
26611
26612
26617
26620
26621
26623
26624
26635
26638
26681
26683
26684
26690
26691
26692
26694
26696
26700
26729
26734
26735
26739
26753
26754
26756
26763
26766
26767
26771
26773
26774
26793
26796
26802
26804
26813
26814
26821
26836
26846
26851
26853
26855
26859
26862
26864
26866
26867
26868
26869
26870
26871
26875
26876
26878
26879
26882
26890
26902
26903
26909
26914
26918
26920
26921
26922
26923
26931
26932
26933
26934
26935
26936
26938
26939
26946
26947
26949
26955
26956
26957
26960
26963
26973
26974
26975
26976
26977
26978
26980
26998
27008
27009
27011
27012
27018
27019
27020
27024
27030
27033
27034
27035
27037
27038
27052
27058
27082
27083
27084
27087
27092
27093
27094
27096
27099
27124
27125
27143
27144
27145
27146
27147
27148
27150
27151
27152
27153
27162
27164
27171
27173
27175
27181
27202
27203
27206
27208
27211
27214
27215
27225
27229
27231
27233
27235
27236
27237
27238
27239
27240
27242
27244
27245
27246
27260
27267
27284
27286
27306
27310
27319
27321
27322
27323
27325
27328
27330
27332
27348
27353
27374
27377
27420
27423
27434
27437
27444
27495
27501
27502
27507
27508
27511
27512
27524
27544
27548
27552
27554
27558
27561
27562
27569
27570
27584
27585
27588
27592
27596
27598
27599
27608
27609
27614
27615
27620
27621
27622
27623
27624
27626
27629
27630
27633
27635
27637
27639
27640
27642
27644
27645
27649
27650
27658
27660
27661
27662
27665
27668
27669
27670
27674
27678
27680
27682
27700
27702
27703
27704
27712
27717
27721
27730
27733
27734
27735
27736
27737
27738
27743
27752
27755
27761
27768
27769
27771
27773
27806
27809
27816
27836
27843
27845
27850
27856
27857
27861
27862
27863
27865
27872
27878
27886
27888
27891
27896
27898
27923
27924
27926
27927
27928
27935
27937
27938
27942
27943
27946
27947
27951
27953
27960
27961
27963
27965
27966
27968
27969
27982
27985
27986
27987
27990
27991
27992
27995
27999
28000
28005
28007
28008
28009
28011
28014
28019
28022
28027
28032
28034
28059
28062
28072
28092
28093
28095
28102
28117
28120
28129
28130
28140
28146
28154
28157
28164
28174
28190
28195
28196
28198
28215
28232
28237
28240
28241
28242
28243
28244
28245
28246
28247
28250
28254
28263
28264
28268
28273
28278
28281
28282
28283
28291
28295
28296
28301
28304
28305
28306
28327
28328
28336
28356
28386
28408
28410
28411
28414
28415
28416
28417
28418
28422
28423
28424
28425
28427
28428
28438
28439
28467
28474
28475
28476
28479
28480
28483
28484
28485
28490
28494
28517
28524
28526
28530
28533
28534
28540
28541
28548
28585
28599
28608
28612
28615
28628
28642
28644
28646
28648
28658
28664
28665
28666
28669
28670
28671
28673
28677
28678
28679
28680
28681
28682
28683
28688
28693
28696
28698
28699
28700
28703
28704
28711
28713
28716
28717
28718
28719
28720
28721
28723
28728
28730
28731
28732
28734
28735
28737
28742
28744
28746
28747
28749
28750
28756
28759
28760
28761
28762
28763
28764
28765
28768
28770
28773
28778
28792
28818
28820
28821
28823
28824
28831
28832
28833
28834
28835
28838
28844
28847
28848
28851
28854
28871
28889
28897
28900
28906
28909
28928
28935
28940
28941
28945
28946
28963
28966
28974
28979
28981
28984
28986
28987
28988
28994
28997
29009
29015
29023
29026
29027
29030
29069
29078
29080
29081
29087
29159
29161
29166
29171
29173
29178
29180
29181
29188
29189
29193
29194
29195
29196
29202
29205
29206
29207
29210
29212
29213
29219
29221
29232
29236
29237
29239
29240
29241
29243
29244
29246
29247
29251
29270
29277
29279
29285
29308
29311
29418
29439
29482
29535
29549
29560
29566
29580
29581
29582
29583
29584
29588
29596
29598
29640
29641
29642
29643
29654
29658
29661
29673
29680
29683
29705
29712
29749
29756
29757
29776
29777
29778
29782
29788
29789
29791
29796
29809
29835
29840
29841
29844
29846
29847
29848
29849
29853
29854
29856
29857
29858
29860
29863
29865
29867
29868
29869
29870
29872
29911
29915
29918
29919
29924
29930
29937
29938
29940
29942
29945
29948
29956
29960
29962
29970
29972
29979
29980
29985
29999
30002
30003
30006
30026
30034
30035
30038
30046
30048
30082
30085
30089
30091
30111
30113
30115
30116
30117
30118
30123
30133
30138
30140
30142
30143
30146
30153
30178
30181
30185
30197
30198
30203
30204
30205
30206
30207
30209
30210
30211
30212
30213
30214
30215
30216
30217
30218
30219
30220
30221
30222
30223
30224
30225
30228
30231
30233
30237
30240
30243
30244
30253
30255
30260
30263
30264
30265
30266
30277
30278
30279
30280
30282
30283
30284
30286
30292
30294
30295
30296
30300
30307
30311
30315
30326
30327
30330
30332
30339
30342
30348
30367
30370
30402
30408
30409
30412
30421
30426
30428
30440
30442
30462
30465
30481
30489
30492
30494
30495
30496
30500
30504
30506
30507
30510
30511
30512
30518
30523
30525
30527
30529
30533
30541
30543
30546
30547
30548
30562
30564
30571
30572
30575
30581
30584
30599
30637
30644
30645
30654
30662
30665
30667
30669
30673
30678
30691
30694
30696
30708
30709
30711
30715
30717
30719
30724
30735
30748
30788
30800
30808
30812
30813
30815
30820
30821
30824
30825
30826
30831
30842
30844
30856
30863
30872
30874
30875
30876
30880
30886
30890
30894
30896
30898
30900
30901
30903
30918
30926
30933
30937
30951
30959
30960
30962
30964
30965
30972
30973
30989
30994
31005
31006
31008
31009
31010
31013
31015
31021
31028
31032
31033
31035
31036
31039
31041
31043
31044
31047
31050
31052
31053
31054
31056
31057
31059
31061
31062
31063
31064
31066
31067
31068
31071
31074
31075
31077
31078
31079
31080
31081
31082
31084
31087
31090
31091
31092
31093
31094
31097
31098
31101
31105
31109
31114
31118
31127
31139
31141
31142
31162
31169
31171
31172
31174
31180
31189
31196
31198
31203
31218
31219
31224
31225
31226
31228
31234
31236
31237
31238
31243
31252
31264
31265
31266
31269
31270
31273
31278
31284
31287
31293
31295
31296
31297
31302
31303
31304
31305
31309
31311
31316
31318
31325
31337
31340
31341
31342
31345
31349
31350
31351
31352
31388
31390
31391
31392
31393
31394
31396
31397
31399
31400
31401
31411
31420
31429
31430
31433
31434
31473
31512
31515
31520
31528
31530
31538
31540
31542
31546
31551
31553
31558
31559
31566
31569
31573
31582
31587
31588
31600
31605
31606
31607
31610
31637
31640
31644
31645
31648
31649
31651
31653
31654
31663
31664
31665
31670
31686
31690
31704
31709
31710
31713
31714
31718
31720
31722
31723
31732
31740
31741
31749
31750
31756
31761
31762
31765
31766
31772
31777
31778
31781
31785
31791
31794
31799
31803
31806
31829
31830
31841
31842
31852
31853
31866
31875
31877
31878
31879
31880
31883
31891
31893
31894
31896
31898
31900
31906
31907
31912
31917
31922
31923
31924
31925
31932
31934
31935
31936
31941
31943
31951
31952
31955
31958
31967
31968
31988
31989
31998
32001
32002
32009
32015
32025
32035
32036
32037
32038
32044
32046
32064
32065
32066
32068
32086
32087
32088
32091
32113
32116
32117
32118
32120
32123
32124
32126
32141
32152
32156
32157
32158
32159
32160
32166
32167
32170
32173
32175
32176
32177
32178
32197
32199
32204
32265
32269
32271
32283
32289
32293
32302
32303
32306
32308
32310
32313
32318
32320
32325
32326
32327
32328
32329
32330
32331
32332
32335
32337
32342
32345
32356
32362
32363
32365
32366
32368
32369
32370
32371
32372
32373
32379
32382
32383
32386
32387
32391
32393
32397
32398
32400
32404
32405
32406
32407
32416
32419
32422
32425
32446
32464
32467
32471
32477
32479
32480
32481
32482
32485
32486
32487
32488
32491
32499
32500
32503
32506
32507
32532
32533
32534
32535
32536
32538
32539
32542
32543
32544
32545
32546
32547
32548
32549
32552
32553
32554
32555
32556
32558
32559
32560
32561
32562
32563
32564
32568
32570
32572
32573
32574
32575
32576
32578
32579
32580
32592
32595
32597
32606
32608
32611
32615
32631
32639
32643
32645
32647
32648
32649
32654
32659
32661
32663
32664
32665
32668
32694
32704
32705
32706
32707
32709
32737
32743
32754
32761
32762
32773
32777
32781
32785
32789
32793
32801
32802
32805
32812
32815
32829
32833
32834
32839
32846
32848
32861
32862
32863
32864
32865
32866
32870
32897
32900
32901
32908
32910
32914
32918
32919
32923
32926
32927
32931
32932
32938
32942
32943
32944
32947
32949
32958
32959
32961
32962
32967
32968
32969
32971
32973
32979
32980
32982
32984
32986
32994
32996
32998
32999
33002
33004
33007
33022
33023
33024
33025
33026
33027
33028
33029
33030
33031
33034
33035
33038
33039
33045
33053
33054
33094
33118
33121
33123
33124
33127
33131
33132
33133
33135
33137
33139
33144
33147
33149
33152
33158
33159
33162
33163
33165
33166
33168
33169
33170
33171
33172
33173
33174
33179
33181
33182
33183
33185
33187
33199
33202
33204
33205
33209
33210
33215
33216
33217
33220
33222
33227
33230
33234
33236
33254
33255
33256
33258
33260
33273
33274
33276
33277
33278
33279
33283
33297
33299
33301
33309
33322
33323
33324
33326
33329
33331
33334
33337
33338
33350
33357
33365
33367
33370
33372
33373
33375
33387
33388
33389
33395
33396
33398
33421
33433
33434
33439
33441
33442
33448
33449
33450
33451
33454
33457
33461
33462
33464
33468
33469
33471
33472
33473
33474
33477
33478
33483
33484
33487
33489
33490
33491
33492
33493
33494
33495
33496
33497
33499
33500
33501
33505
33508
33513
33517
33519
33520
33524
33543
33544
33545
33546
33550
33551
33559
33564
33573
33574
33576
33579
33583
33585
33605
33608
33610
33611
33613
33660
33663
33665
33674
33676
33678
33679
33684
33685
33694
33698
33713
33722
33724
33725
33726
33738
33741
33745
33750
33757
33770
33771
33790
33794
33800
33803
33808
33813
33818
33821
33823
33826
33828
33829
33830
33832
33833
33834
33836
33837
33840
33844
33845
33846
33847
33848
33849
33850
33851
33852
33855
33856
33857
33858
33861
33866
33867
33869
33870
33872
33875
33876
33877
33878
33883
33884
33886
33887
33888
33889
33890
33892
33893
33894
33895
33896
33897
33899
33900
33902
33904
33905
33906
33907
33908
33910
33911
33913
33916
33917
33919
33920
33922
33923
33924
33925
33927
33928
33929
33930
33932
33935
33936
33938
33941
33942
33943
33944
33945
33946
33947
33948
33949
33951
33952
33953
33954
33955
33957
33958
33960
33961
33962
33963
33965
33967
33968
33970
33972
33973
33974
33975
33976
33977
33978
33979
33980
33981
33982
33984
33985
33986
33987
33988
33989
33990
33991
33992
33993
33994
33995
33998
34000
34001
34002
34003
34004
34005
34006
34007
34008
34009
34010
34013
34015
34017
34018
34019
34020
34021
34022
34023
34024
34025
34028
34030
34031
34032
34037
34044
34045
34048
34052
34061
34063
34068
34072
34074
34100
34101
34102
34111
34121
34122
34128
34133
34135
34137
34138
34140
34141
34143
34153
34160
34161
34167
34168
34169
34170
34171
34172
34175
34176
34177
34178
34179
34186
34187
34189
34191
34193
34210
34212
34213
34214
34215
34217
34220
34222
34223
34224
34226
34227
34237
34239
34241
34243
34244
34249
34250
34251
34252
34254
34267
34270
34275
34277
34279
34282
34283
34286
34289
34290
34291
34292
34316
34327
34343
34344
34347
34349
34350
34352
34353
34354
34356
34357
34358
34359
34361
34362
34365
34366
34367
34368
34369
34375
34378
34382
34390
34394
34397
34398
34399
34400
34402
34404
34407
34409
34410
34411
34412
34413
34419
34424
34442
34447
34454
34472
34479
34481
34483
34485
34500
34502
34510
34515
34519
34606
34668
34672
34676
34692
34818
34856
34873
34885
34886
34887
34888
34890
34891
34892
34894
34897
34901
34902
34903
34905
34907
34911
34915
34916
34918
34926
34927
34930
34940
34944
34956
34959
34960
34965
34969
34974
34975
34976
34977
34984
34987
34989
34991
34994
34996
34999
35000
35001
35002
35004
35005
35006
35007
35008
35016
35024
35036
35037
35038
35045
35048
35049
35050
35054
35057
35058
35059
35060
35064
35067
35073
35075
35078
35079
35080
35084
35092
35093
35094
35095
35096
35097
35098
35102
35105
35113
35115
35126
35127
35128
35129
35130
35131
35132
35134
35136
35140
35141
35142
35147
35149
35152
35156
35157
35159
35161
35163
35175
35180
35190
35194
35195
35206
35210
35212
35213
35218
35222
35223
35224
35226
35227
35228
35229
35240
35242
35243
35244
35245
35247
35251
35256
35257
35258
35259
35260
35278
35279
35288
35290
35292
35294
35296
35297
35299
35300
35302
35303
35304
35305
35306
35307
35309
35311
35315
35319
35321
35323
35325
35331
35333
35339
35340
35343
35344
35345
35347
35348
35352
35353
35364
35368
35369
35370
35372
35374
35377
35378
35380
35381
35413
35422
35424
35429
35430
35431
35441
35443
35444
35446
35453
35462
35464
35468
35470
35472
35477
35482
35485
35487
35488
35489
35497
35506
35508
35514
35515
35516
35517
35519
35520
35533
35534
35535
35536
35537
35544
35545
35548
35549
35550
35551
35552
35553
35554
35555
35557
35558
35560
35562
35564
35565
35566
35567
35569
35575
35580
35581
35585
35588
35591
35592
35594
35595
35597
35598
35599
35600
35601
35605
35613
35614
35615
35618
35621
35627
35631
35634
35640
35642
35646
35647
35650
35654
35659
35663
35673
35674
35675
35676
35677
35678
35679
35683
35684
35685
35686
35688
35691
35708
35711
35713
35719
35724
35727
35730
35731
35732
35733
35737
35739
35741
35743
35744
35746
35747
35752
35757
35766
35781
35782
35787
35789
35802
35807
35808
35820
35821
35823
35824
35825
35828
35836
35838
35863
35865
35866
35867
35868
35869
35871
35875
35879
35883
35884
35889
35894
35895
35901
35903
35904
35905
35906
35907
35908
35909
35914
35915
35916
35917
35918
35919
35925
35926
35933
35936
35938
35942
35943
35944
35945
35954
35956
35958
35962
35963
35964
35969
35974
36007
36016
36017
36018
36019
36020
36021
36022
36025
36027
36028
36029
36036
36037
36043
36046
36048
36049
36050
36052
36062
36080
36085
36086
36087
36093
36094
36096
36112
36122
36125
36128
36132
36135
36143
36151
36160
36166
36169
36171
36173
36176
36191
36194
36195
36196
36198
36203
36204
36205
36219
36220
36222
36224
36228
36239
36242
36250
36256
36266
36268
36270
36271
36276
36278
36279
36282
36284
36287
36295
36299
36312
36317
36321
36328
36329
36332
36334
36339
36340
36341
36351
36363
36365
36367
36371
36373
36377
36379
36382
36391
36401
36404
36405
36412
36414
36423
36424
36432
36433
36441
36442
36463
36470
36471
36472
36473
36477
36478
36479
36481
36483
36484
36489
36490
36491
36492
36495
36496
36499
36500
36501
36502
36504
36505
36515
36518
36520
36521
36522
36523
36524
36526
36527
36528
36529
36530
36531
36540
36541
36544
36549
36550
36551
36552
36553
36554
36555
36556
36557
36558
36559
36561
36562
36564
36565
36573
36580
36583
36590
36592
36593
36604
36605
36606
36607
36612
36614
36619
36622
36623
36624
36625
36626
36627
36631
36633
36638
36641
36643
36644
36645
36646
36647
36665
36669
36675
36677
36678
36679
36680
36684
36686
36687
36689
36690
36698
36704
36710
36711
36713
36714
36718
36719
36727
36728
36730
36731
36732
36733
36736
36737
36738
36739
36743
36746
36748
36749
36751
36752
36753
36755
36760
36762
36765
36766
36767
36769
36770
36771
36772
36773
36774
36775
36777
36783
36787
36790
36791
36795
36796
36801
36803
36808
36817
36818
36820
36823
36825
36832
36836
36838
36844
36846
36847
36848
36849
36850
36851
36858
36865
36866
36868
36869
36873
36874
36877
36882
36883
36890
36898
36901
36902
36906
36908
36909
36910
36912
36914
36916
36929
36931
36932
36933
36935
36940
36942
36943
36944
36945
36946
36948
36949
36951
36952
36953
36954
36955
36957
36958
36960
36961
36962
36964
36969
36973
36976
36978
36992
36998
37000
37003
37006
37010
37013
37015
37022
37023
37024
37030
37031
37040
37043
37045
37056
37062
37063
37076
37082
37083
37085
37090
37093
37097
37099
37100
37101
37103
37104
37108
37109
37110
37111
37112
37114
37115
37116
37117
37118
37121
37122
37124
37125
37126
37128
37129
37130
37137
37141
37145
37150
37154
37155
37157
37158
37164
37166
37167
37168
37169
37170
37185
37186
37190
37191
37195
37202
37203
37204
37206
37207
37209
37211
37212
37216
37217
37221
37223
37224
37226
37229
37234
37235
37240
37241
37242
37245
37249
37250
37253
37256
37259
37260
37261
37262
37265
37266
37267
37269
37280
37281
37282
37284
37288
37296
37301
37302
37303
37304
37311
37312
37313
37316
37317
37318
37319
37320
37326
37330
37331
37338
37339
37342
37343
37344
37345
37349
37355
37365
37371
37372
37373
37374
37377
37378
37385
37388
37389
37402
37404
37405
37406
37409
37410
37415
37419
37424
37425
37427
37428
37429
37430
37432
37433
37434
37435
37436
37442
37444
37446
37449
37451
37457
37459
37460
37463
37469
37472
37474
37479
37497
37498
37499
37500
37501
37503
37504
37507
37511
37514
37515
37516
37517
37519
37520
37524
37527
37530
37532
37535
37536
37539
37544
37551
37563
37565
37569
37571
37573
37577
37579
37580
37584
37587
37621
37633
37634
37641
37642
37648
37649
37650
37651
37657
37658
37659
37660
37661
37662
37664
37665
37688
37689
37691
37693
37701
37705
37708
37710
37712
37716
37718
37739
37740
37741
37754
37757
37759
37765
37771
37781
37785
37786
37787
37789
37792
37794
37797
37803
37810
37823
37825
37835
37836
37847
37848
37853
37854
37856
37857
37858
37859
37860
37861
37862
37867
37868
37873
37874
37875
37877
37883
37887
37888
37891
37892
37893
37896
37900
37924
37925
37926
37938
37942
37946
37952
37959
37961
37968
37974
37985
37990
37997
37999
38002
38003
38005
38008
38009
38010
38015
38017
38024
38029
38030
38031
38032
38033
38034
38035
38036
38037
38040
38042
38044
38045
38046
38047
38048
38049
38052
38053
38054
38056
38057
38058
38059
38067
38070
38071
38077
38078
38079
38081
38082
38083
38089
38094
38096
38103
38104
38105
38107
38108
38109
38113
38117
38126
38129
38132
38135
38136
38137
38138
38139
38140
38142
38143
38144
38145
38150
38158
38161
38163
38166
38168
38172
38186
38189
38196
38211
38214
38226
38227
38228
38236
38244
38246
38247
38252
38254
38258
38263
38268
38272
38274
38275
38276
38277
38278
38290
38291
38300
38303
38304
38310
38311
38312
38322
38325
38334
38336
38337
38338
38349
38353
38355
38357
38358
38362
38372
38377
38379
38380
38383
38401
38406
38415
38423
38438
38439
38441
38442
38448
38451
38464
38469
38473
38485
38488
38496
38498
38504
38506
38508
38511
38522
38526
38532
38533
38538
38539
38540
38541
38547
38548
38549
38564
38572
38582
38586
38588
38590
38591
38592
38594
38607
38609
38610
38611
38612
38617
38621
38626
38629
38631
38637
38639
38640
38643
38644
38646
38647
38648
38652
38653
38655
38656
38660
38666
38667
38668
38669
38679
38685
38686
38687
38696
38703
38704
38706
38708
38709
38710
38718
38720
38722
38723
38724
38728
38730
38732
38736
38738
38743
38745
38746
38748
38749
38750
38764
38767
38768
38769
38770
38773
38781
38788
38794
38799
38806
38824
38847
38848
38855
38861
38863
38864
38866
38868
38873
38874
38876
38877
38879
38882
38884
38896
38898
38899
38902
38909
38911
38912
38914
38918
38919
38934
38935
38936
38937
38938
38939
38940
38942
38952
38956
38957
38966
38975
38976
38983
38986
38992
38993
38994
38995
39001
39003
39004
39005
39006
39009
39010
39013
39015
39019
39021
39022
39023
39028
39029
39030
39031
39038
39040
39042
39044
39045
39046
39049
39051
39056
39058
39060
39061
39062
39064
39066
39069
39070
39072
39073
39078
39085
39086
39087
39092
39094
39095
39097
39102
39104
39121
39122
39123
39125
39128
39132
39133
39134
39137
39139
39141
39149
39159
39161
39168
39175
39177
39185
39195
39197
39198
39199
39200
39201
39202
39203
39204
39211
39212
39215
39220
39221
39227
39229
39231
39232
39239
39246
39248
39250
39251
39253
39254
39255
39256
39257
39258
39259
39262
39265
39267
39276
39280
39282
39284
39306
39310
39313
39314
39315
39317
39323
39324
39325
39326
39327
39331
39332
39333
39337
39338
39341
39352
39356
39366
39367
39368
39370
39371
39372
39373
39375
39376
39377
39378
39380
39382
39393
39394
39395
39397
39398
39399
39401
39402
39404
39406
39408
39416
39428
39432
39438
39457
39459
39460
39464
39466
39469
39473
39483
39486
39488
39491
39492
39493
39495
39497
39499
39500
39502
39505
39506
39508
39513
39524
39525
39526
39527
39531
39539
39540
39541
39548
39549
39551
39554
39555
39556
39557
39558
39559
39564
39567
39568
39569
39570
39571
39572
39573
39574
39575
39577
39584
39585
39586
39587
39588
39589
39590
39591
39592
39593
39594
39601
39602
39603
39605
39607
39611
39618
39623
39624
39630
39632
39634
39636
39637
39642
39645
39648
39651
39652
39658
39660
39661
39663
39666
39667
39671
39677
39678
39683
39684
39689
39693
39695
39696
39700
39702
39703
39713
39729
39733
39735
39736
39737
39738
39740
39742
39752
39763
39765
39767
39770
39772
39773
39774
39776
39777
39778
39779
39783
39789
39792
39793
39796
39798
39799
39802
39805
39806
39807
39812
39815
39821
39822
39824
39825
39826
39830
39831
39832
39833
39844
39846
39847
39848
39852
39854
39857
39858
39860
39864
39865
39870
39871
39872
39874
39876
39878
39880
39881
39882
39884
39886
39891
39892
39898
39899
39900
39902
39904
39905
39910
39917
39922
39923
39924
39925
39929
39930
39935
39937
39938
39941
39942
39947
39951
39952
39954
39956
39958
39960
39964
39967
39975
39983
39985
39986
39991
39997
40002
40003
40009
40010
40011
40020
40021
40023
40024
40025
40027
40030
40031
40034
40035
40036
40044
40062
40063
40065
40066
40068
40072
40073
40075
40076
40080
40085
40087
40090
40091
40092
40093
40097
40098
40099
40101
40106
40112
40124
40125
40126
40127
40131
40133
40134
40141
40143
40144
40155
40175
40183
40184
40189
40199
40201
40210
40216
40217
40231
40233
40234
40240
40241
40243
40244
40254
40259
40261
40265
40266
40268
40269
40270
40271
40275
40277
40278
40285
40286
40288
40289
40301
40320
40321
40324
40325
40329
40331
40332
40351
40352
40353
40366
40367
40369
40371
40372
40379
40380
40384
40386
40387
40390
40391
40392
40393
40397
40398
40399
40400
40401
40402
40403
40405
40407
40409
40413
40414
40418
40421
40423
40426
40429
40431
40446
40447
40448
40453
40457
40458
40460
40461
40462
40469
40470
40471
40472
40473
40474
40475
40476
40477
40478
40479
40480
40492
40494
40495
40496
40504
40505
40508
40509
40510
40515
40518
40521
40522
40523
40524
40525
40530
40532
40538
40539
40546
40547
40550
40551
40564
40568
40570
40575
40576
40587
40588
40589
40602
40603
40604
40605
40608
40610
40611
40616
40627
40635
40639
40643
40656
40661
40666
40668
40674
40681
40682
40686
40687
40688
40689
40691
40695
40701
40708
40709
40710
40716
40718
40719
40722
40723
40724
40726
40727
40728
40729
40730
40731
40732
40733
40734
40735
40736
40738
40739
40741
40742
40743
40747
40748
40749
40751
40752
40757
40765
40766
40774
40775
40784
40785
40787
40792
40795
40800
40801
40802
40808
40809
40810
40811
40815
40817
40820
40839
40840
40841
40842
40849
40850
40851
40854
40857
40858
40859
40860
40861
40866
40867
40870
40873
40876
40879
40890
40892
40893
40895
40898
40899
40901
40902
40904
40905
40906
40908
40909
40915
40918
40926
40928
40931
40938
40939
40942
40943
40949
40951
40955
40959
40966
40985
40986
40990
40996
41006
41007
41008
41009
41014
41015
41017
41019
41026
41027
41042
41051
41052
41057
41058
41079
41080
41085
41088
41090
41099
41100
41101
41108
41109
41117
41119
41120
41123
41124
41125
41126
41127
41128
41130
41131
41133
41134
41139
41140
41145
41159
41163
41167
41169
41170
41172
41190
41191
41199
41200
41203
41212
41213
41215
41216
41220
41223
41224
41250
41251
41256
41257
41259
41260
41266
41267
41268
41269
41271
41275
41277
41278
41279
41280
41281
41283
41284
41286
41289
41292
41294
41299
41310
41313
41314
41316
41326
41327
41332
41334
41339
41341
41342
41343
41344
41345
41346
41347
41348
41349
41364
41365
41366
41368
41369
41370
41376
41377
41378
41382
41384
41393
41397
41398
41401
41402
41403
41409
41410
41415
41424
41430
41434
41440
41443
41444
41445
41447
41451
41452
41459
41460
41462
41465
41467
41469
41472
41474
41476
41482
41493
41494
41495
41497
41500
41502
41503
41504
41505
41506
41507
41508
41509
41510
41511
41512
41513
41516
41518
41520
41521
41522
41524
41525
41534
41544
41571
41576
41580
41581
41582
41583
41586
41587
41588
41590
41591
41592
41598
41601
41603
41606
41607
41611
41616
41617
41618
41620
41621
41628
41631
41633
41634
41636
41646
41654
41656
41658
41659
41669
41671
41672
41675
41678
41682
41692
41698
41704
41711
41713
41714
41721
41722
41727
41728
41732
41755
41756
41757
41758
41763
41765
41767
41768
41769
41770
41772
41774
41777
41778
41780
41787
41789
41790
41801
41804
41808
41809
41810
41812
41818
41822
41823
41826
41830
41834
41835
41837
41838
41840
41844
41845
41847
41852
41855
41872
41877
41879
41880
41882
41883
41889
41890
41891
41893
41896
41897
41898
41902
41911
41912
41915
41916
41924
41926
41930
41931
41934
41935
41936
41940
41944
41946
41947
41948
41952
41954
41955
41957
41958
41959
41960
41963
41964
41973
41974
41986
41994
41995
41996
41997
41998
41999
42000
42002
42003
42005
42006
42007
42008
42009
42010
42011
42012
42013
42015
42016
42024
42025
42026
42027
42029
42031
42041
42043
42045
42046
42066
42068
42074
42075
42078
42084
42085
42086
42095
42105
42109
42113
42114
42131
42141
42148
42154
42155
42159
42161
42170
42179
42180
42184
42186
42187
42188
42190
42198
42200
42201
42202
42204
42206
42212
42213
42214
42215
42216
42218
42220
42222
42226
42227
42230
42236
42238
42239
42240
42244
42245
42250
42252
42255
42259
42265
42266
42267
42268
42272
42273
42281
42287
42288
42290
42292
42294
42296
42300
42301
42303
42304
42306
42312
42313
42315
42316
42317
42321
42333
42335
42337
42338
42339
42340
42341
42343
42349
42350
42351
42352
42353
42361
42363
42366
42368
42376
42378
42383
42385
42386
42387
42390
42391
42393
42395
42406
42415
42418
42421
42422
42426
42427
42430
42433
42434
42435
42441
42443
42448
42450
42454
42455
42456
42459
42479
42484
42485
42490
42491
42492
42494
42495
42496
42497
42500
42501
42504
42509
42510
42512
42513
42514
42520
42521
42523
42525
42526
42527
42528
42529
42530
42531
42532
42535
42537
42538
42539
42540
42544
42545
42546
42547
42548
42551
42552
42554
42556
42564
42565
42566
42567
42570
42571
42572
42580
42582
42587
42588
42590
42591
42593
42594
42598
42601
42607
42610
42616
42617
42618
42620
42623
42624
42625
42633
42644
42646
42647
42648
42650
42657
42661
42662
42663
42670
42673
42674
42679
42701
42703
42704
42712
42719
42722
42724
42727
42740
42746
42762
42769
42773
42776
42782
42784
42786
42791
42803
42805
42806
42808
42812
42814
42815
42816
42819
42820
42822
42835
42836
42842
42851
42857
42863
42866
42869
42871
42876
42882
42883
42884
42885
42886
42900
42904
42907
42914
42918
42919
42921
42922
42923
42924
42925
42927
42929
42930
42931
42934
42935
42937
42941
42942
42943
42945
42947
42949
42950
42954
42955
42956
42961
42962
42963
42965
42966
42968
42969
42970
42971
42972
42973
42974
42976
42977
42978
42984
42994
42998
43015
43047
43062
43078
43079
43080
43081
43082
43086
43090
43093
43098
43099
43101
43102
43104
43105
43107
43109
43110
43111
43115
43117
43118
43121
43130
43132
43135
43136
43143
43144
43146
43150
43153
43154
43155
43157
43158
43159
43161
43163
43165
43166
43167
43173
43174
43176
43181
43188
43189
43193
43202
43207
43211
43213
43218
43219
43221
43222
43224
43225
43226
43227
43228
43229
43234
43236
43237
43239
43241
43253
43254
43255
43263
43264
43265
43269
43277
43282
43292
43293
43299
43300
43303
43306
43309
43310
43311
43312
43313
43320
43330
43338
43339
43340
43341
43343
43344
43345
43346
43348
43349
43350
43351
43352
43353
43354
43355
43356
43357
43358
43359
43360
43361
43362
43364
43365
43366
43368
43369
43377
43378
43379
43384
43388
43391
43393
43401
43402
43404
43408
43409
43410
43411
43412
43415
43417
43418
43420
43424
43425
43432
43436
43437
43442
43443
43453
43456
43460
43463
43466
43473
43474
43478
43482
43484
43489
43491
43492
43493
43494
43495
43496
43500
43503
43504
43506
43507
43508
43509
43514
43520
43530
43534
43551
43552
43567
43568
43569
43573
43576
43581
43590
43593
43594
43595
43596
43613
43615
43616
43618
43620
43635
43636
43639
43641
43643
43645
43646
43650
43651
43652
43653
43655
43657
43658
43659
43660
43665
43666
43675
43676
43677
43679
43682
43686
43689
43702
43705
43709
43710
43713
43714
43717
43724
43725
43726
43727
43728
43729
43730
43731
43732
43733
43735
43736
43737
43738
43742
43743
43745
43747
43755
43757
43760
43761
43762
43765
43766
43767
43768
43770
43772
43774
43782
43783
43784
43794
43795
43799
43800
43807
43808
43809
43812
43816
43818
43819
43825
43828
43832
43833
43834
43837
43838
43839
43840
43841
43842
43843
43845
43848
43849
43851
43852
43854
43859
43860
43861
43862
43867
43870
43876
43877
43879
43880
43881
43882
43883
43884
43885
43888
43893
43895
43898
43899
43906
43911
43914
43915
43917
43918
43921
43922
43923
43928
43930
43932
43933
43934
43935
43951
43952
43953
43955
43956
43957
43960
43962
43964
43969
43970
43972
43977
43981
43990
43995
43996
43997
43998
43999
44001
44026
44027
44028
44030
44039
44040
44043
44044
44048
44050
44053
44069
44076
44078
44079
44088
44089
44090
44120
44136
44143
44144
44148
44150
44151
44152
44155
44156
44157
44158
44159
44164
44166
44167
44168
44180
44181
44186
44187
44188
44190
44196
44198
44200
44202
44222
44223
44227
44235
44237
44243
44244
44246
44248
44252
44262
44265
44270
44279
44280
44282
44287
44289
44292
44293
44303
44310
44312
44313
44315
44320
44321
44323
44324
44328
44331
44333
44339
44341
44342
44347
44353
44356
44359
44363
44371
44372
44373
44374
44375
44376
44377
44380
44381
44382
44384
44385
44387
44388
44390
44392
44393
44401
44405
44406
44407
44415
44416
44417
44420
44422
44425
44430
44436
44443
44445
44446
44447
44449
44453
44454
44455
44457
44459
44461
44466
44467
44488
44495
44496
44505
44512
44513
44521
44522
44526
44529
44530
44531
44532
44535
44538
44543
44551
44552
44553
44558
44559
44564
44565
44566
44567
44568
44570
44572
44577
44578
44579
44595
44596
44601
44603
44604
44605
44606
44607
44608
44614
44617
44618
44619
44625
44631
44632
44641
44644
44645
44646
44648
44651
44654
44657
44662
44663
44665
44666
44668
44669
44675
44676
44679
44685
44691
44692
44693
44694
44695
44697
44700
44702
44721
44723
44727
44733
44735
44739
44751
44755
44756
44762
44775
44776
44781
44782
44783
44784
44785
44786
44787
44791
44792
44793
44795
44800
44801
44802
44803
44805
44808
44809
44810
44811
44812
44813
44814
44815
44816
44817
44819
44821
44822
44825
44826
44827
44828
44829
44830
44837
44838
44841
44842
44843
44855
44860
44861
44864
44865
44867
44868
44869
44873
44878
44879
44880
44881
44882
44883
44889
44894
44901
44910
44911
44913
44915
44916
44919
44922
44925
44926
44929
44936
44945
44954
44955
44962
44963
44964
44965
44971
44972
44973
44979
44991
44992
44993
44995
44997
44998
44999
45000
45001
45002
45003
45008
45013
45014
45015
45017
45019
45026
45027
45028
45029
45033
45034
45036
45038
45039
45040
45042
45043
45045
45047
45049
45051
45053
45057
45059
45061
45066
45067
45071
45074
45076
45079
45080
45087
45095
45098
45100
45102
45105
45108
45110
45119
45124
45126
45131
45132
45136
45139
45143
45144
45148
45149
45150
45154
45157
45158
45159
45160
45161
45162
45168
45169
45170
45171
45174
45180
45187
45189
45190
45191
45197
45228
45235
45243
45250
45253
45254
45255
45256
45257
45258
45259
45260
45261
45262
45267
45269
45274
45285
45291
45301
45306
45308
45311
45312
45316
45319
45323
45324
45325
45326
45336
45339
45341
45342
45343
45344
45346
45354
45355
45362
45364
45369
45371
45373
45375
45376
45382
45385
45389
45402
45403
45404
45405
45406
45407
45408
45410
45411
45419
45420
45427
45431
45432
45433
45440
45452
45455
45458
45460
45467
45471
45474
45475
45479
45480
45481
45483
45491
45492
45493
45496
45498
45501
45502
45504
45510
45511
45513
45514
45517
45518
45522
45529
45536
45540
45541
45543
45545
45547
45550
45551
45553
45557
45559
45560
45561
45562
45564
45566
45571
45574
45575
45576
45579
45584
45585
45588
45590
45592
45593
45597
45598
45599
45604
45605
45623
45625
45626
45628
45630
45633
45634
45641
45643
45651
45652
45653
45654
45655
45657
45670
45675
45681
45688
45690
45691
45692
45699
45712
45713
45714
45719
45726
45727
45733
45734
45735
45742
45743
45749
45754
45755
45756
45757
45761
45763
45764
45765
45766
45767
45768
45769
45782
45785
45787
45792
45796
45799
45802
45804
45806
45808
45810
45812
45815
45819
45822
45825
45831
45832
45833
45843
45844
45845
45846
45863
45869
45870
45871
45875
45877
45878
45879
45880
45889
45890
45891
45894
45895
45901
45905
45906
45913
45916
45919
45920
45935
45936
45943
45944
45947
45954
45958
45959
45969
45975
45981
45983
45985
45986
45988
45989
45990
45992
45995
46005
46013
46015
46017
46020
46027
46028
46032
46033
46035
46036
46044
46047
46052
46053
46054
46056
46061
46071
46075
46076
46080
46082
46087
46091
46092
46094
46095
46097
46098
46100
46102
46103
46109
46111
46119
46122
46124
46130
46152
46159
46161
46166
46167
46168
46172
46173
46174
46175
46178
46181
46185
46188
46193
46194
46197
46198
46199
46204
46209
46210
46211
46212
46213
46214
46215
46219
46220
46221
46227
46229
46238
46242
46245
46247
46249
46251
46264
46265
46266
46269
46271
46273
46274
46275
46277
46278
46279
46280
46281
46285
46286
46292
46293
46294
46296
46297
46306
46307
46310
46311
46321
46322
46323
46331
46332
46333
46340
46341
46342
46343
46344
46345
46346
46347
46353
46354
46359
46361
46362
46370
46376
46388
46389
46390
46391
46393
46395
46396
46402
46406
46407
46408
46409
46410
46412
46418
46419
46423
46427
46434
46444
46446
46448
46452
46464
46467
46468
46469
46470
46471
46473
46477
46478
46481
46482
46484
46485
46487
46491
46494
46496
46497
46504
46505
46508
46509
46516
46517
46518
46524
46526
46528
46529
46532
46540
46543
46544
46546
46547
46549
46568
46573
46575
46576
46577
46591
46595
46599
46600
46602
46608
46611
46612
46613
46621
46622
46623
46624
46625
46626
46627
46628
46629
46631
46633
46634
46635
46636
46638
46639
46645
46654
46655
46657
46661
46665
46667
46670
46677
46679
46680
46682
46686
46688
46689
46690
46691
46697
46699
46701
46702
46703
46705
46717
46719
46722
46726
46730
46738
46741
46744
46750
46751
46755
46756
46758
46760
46772
46777
46779
46780
46786
46787
46790
46793
46797
46802
46805
46806
46810
46811
46827
46828
46829
46830
46831
46832
46836
46841
46845
46846
46847
46848
46854
46855
46859
46860
46867
46868
46869
46870
46872
46877
46878
46882
46883
46884
46885
46896
46897
46898
46899
46900
46904
46905
46906
46907
46908
46919
46921
46922
46923
46924
46926
46927
46928
46929
46930
46931
46932
46933
46934
46935
46938
46939
46942
46943
46944
46945
46947
46948
46949
46950
46954
46955
46956
46957
46962
46966
46968
46969
46970
46971
46973
46976
46977
46979
46980
46981
46982
46984
46988
46989
46990
46991
46995
46996
46997
46998
47000
47006
47012
47015
47016
47017
47018
47019
47020
47023
47027
47034
47036
47038
47040
47041
47042
47047
47048
47049
47053
47054
47055
47056
47057
47058
47059
47064
47070
47072
47079
47080
47081
47088
47090
47091
47093
47094
47095
47096
47099
47100
47101
47104
47106
47107
47108
47110
47115
47126
47129
47130
47131
47134
47135
47137
47138
47139
47161
47164
47170
47171
47173
47174
47175
47182
47184
47189
47193
47195
47196
47197
47198
47200
47201
47203
47204
47208
47233
47237
47238
47239
47243
47244
47246
47256
47257
47262
47263
47264
47265
47269
47272
47274
47277
47282
47283
47284
47290
47292
47294
47295
47297
47302
47306
47308
47312
47313
47314
47315
47323
47336
47339
47341
47344
47347
47352
47353
47375
47381
47384
47385
47390
47393
47397
47398
47399
47400
47401
47407
47408
47416
47417
47419
47422
47423
47424
47428
47430
47433
47434
47437
47445
47446
47447
47450
47451
47452
47453
47455
47456
47457
47462
47463
47467
47475
47477
47478
47484
47488
47489
47496
47500
47501
47504
47505
47508
47511
47513
47518
47520
47521
47522
47525
47526
47530
47532
47534
47536
47537
47539
47541
47544
47545
47546
47547
47548
47549
47555
47556
47557
47558
47563
47568
47569
47571
47572
47573
47576
47579
47585
47587
47588
47590
47591
47594
47595
47596
47601
47603
47604
47606
47607
47608
47611
47612
47614
47618
47620
47621
47628
47629
47630
47631
47633
47640
47642
47643
47644
47651
47652
47656
47658
47665
47688
47696
47698
47703
47705
47706
47707
47714
47722
47725
47726
47727
47729
47730
47732
47733
47734
47735
47736
47737
47738
47739
47740
47741
47742
47743
47744
47745
47746
47747
47748
47749
47750
47751
47752
47753
47754
47755
47763
47767
47768
47769
47771
47772
47773
47779
47780
47783
47786
47788
47789
47790
47791
47792
47795
47796
47800
47803
47806
47808
47809
47810
47811
47812
47819
47822
47823
47828
47834
47838
47840
47841
47842
47850
47851
47852
47860
47862
47863
47868
47877
47879
47884
47886
47887
47888
47893
47898
47901
47902
47913
47917
47925
47926
47928
47929
47930
47932
47933
47934
47935
47937
47944
47946
47952
47954
47955
47957
47959
47963
47966
47967
47968
47979
47985
47988
47990
47991
47992
47993
48004
48006
48018
48021
48022
48024
48027
48031
48036
48039
48055
48057
48060
48062
48063
48065
48066
48068
48069
48070
48071
48073
48074
48076
48079
48080
48081
48085
48086
48088
48089
48090
48091
48092
48094
48095
48097
48103
48104
48106
48108
48109
48110
48111
48112
48114
48116
48118
48119
48121
48122
48128
48131
48132
48134
48135
48137
48138
48139
48140
48141
48143
48151
48152
48153
48159
48162
48171
48172
48174
48175
48178
48179
48193
48194
48197
48200
48205
48207
48209
48210
48211
48216
48225
48226
48234
48240
48251
48254
48255
48258
48259
48264
48265
48266
48267
48268
48269
48270
48271
48272
48279
48280
48281
48282
48291
48296
48297
48298
48302
48303
48306
48308
48309
48312
48313
48322
48323
48324
48325
48328
48329
48330
48339
48340
48345
48346
48352
48356
48362
48363
48364
48365
48372
48375
48377
48378
48386
48389
48394
48409
48410
48412
48413
48414
48417
48420
48431
48433
48437
48438
48442
48443
48449
48450
48452
48453
48456
48458
48463
48466
48470
48474
48475
48476
48485
48486
48487
48490
48493
48494
48495
48498
48499
48506
48512
48516
48521
48522
48528
48534
48535
48536
48538
48539
48540
48543
48544
48547
48549
48550
48554
48555
48557
48562
48570
48572
48577
48579
48585
48588
48589
48592
48595
48598
48601
48604
48605
48612
48623
48624
48627
48628
48633
48635
48638
48642
48647
48654
48655
48661
48675
48676
48680
48687
48689
48694
48697
48712
48714
48715
48720
48721
48729
48731
48735
48737
48740
48742
48743
48748
48750
48751
48763
48764
48766
48768
48770
48772
48776
48777
48778
48779
48780
48781
48782
48783
48784
48786
48791
48792
48799
48800
48801
48811
48812
48813
48820
48824
48825
48827
48831
48832
48833
48834
48835
48840
48846
48847
48848
48849
48850
48856
48858
48859
48860
48867
48869
48871
48876
48878
48879
48881
48882
48884
48885
48886
48888
48891
48892
48893
48894
48898
48899
48900
48901
48902
48903
48905
48908
48915
48927
48928
48929
48930
48932
48934
48936
48937
48940
48941
48942
48948
48949
48955
48956
48960
48961
48962
48963
48966
48970
48972
48975
48980
48981
48990
48991
48992
48995
49000
49002
49011
49020
49022
49032
49033
49034
49040
49043
49045
49056
49071
49072
49074
49075
49079
49080
49086
49087
49089
49092
49094
49108
49112
49114
49115
49116
49121
49131
49138
49141
49143
49144
49145
49146
49147
49149
49151
49155
49163
49167
49168
49169
49170
49172
49176
49178
49179
49186
49195
49196
49206
49222
49224
49225
49226
49227
49228
49233
49234
49235
49241
49242
49243
49244
49245
49246
49247
49249
49250
49253
49267
49268
49271
49273
49275
49276
49283
49284
49287
